2 1 1 3
2 1 4 6
2 1 7 9
2 1 10 12
2 1 13 15
2 1 16 18
3 1 1 3
3 1 4 6
3 1 7 9
3 1 10 12
3 1 13 15
3 1 16 18
2 5 1 3
2 5 4 6
2 5 7 9
2 5 10 12
2 5 13 15
2 5 16 18
3 6 1 3
3 6 4 6
3 6 7 9
3 6 10 12
3 6 13 15
3 6 16 18
8 1 1 3
8 1 4 6
8 1 7 9
8 1 10 12
8 1 13 15
8 1 16 18
2 10 1 3
2 10 4 6
2 10 7 9
2 10 10 12
2 10 13 15
2 10 16 18
11 5 1 3
11 5 4 6
11 5 7 9
11 5 10 12
11 5 13 15
11 5 16 18
11 6 1 3
11 6 4 6
11 6 7 9
11 6 10 12
11 6 13 15
11 6 16 18
3 12 1 3
3 12 4 6
3 12 7 9
3 12 10 12
3 12 13 15
3 12 16 18
14 10 1 3
14 10 4 6
14 10 7 9
14 10 10 12
14 10 13 15
14 10 16 18
8 16 1 3
8 16 4 6
8 16 7 9
8 16 10 12
8 16 13 15
8 16 16 18
17 5 1 3
17 5 4 6
17 5 7 9
17 5 10 12
17 5 13 15
17 5 16 18
18 6 1 3
18 6 4 6
18 6 7 9
18 6 10 12
18 6 13 15
18 6 16 18
8 19 1 3
8 19 4 6
8 19 7 9
8 19 10 12
8 19 13 15
8 19 16 18
21 12 1 3
21 12 4 6
21 12 7 9
21 12 10 12
21 12 13 15
21 12 16 18
14 16 1 3
14 16 4 6
14 16 7 9
14 16 10 12
14 16 13 15
14 16 16 18
17 23 1 3
17 23 4 6
17 23 7 9
17 23 10 12
17 23 13 15
17 23 16 18
24 10 1 3
24 10 4 6
24 10 7 9
24 10 10 12
24 10 13 15
24 10 16 18
11 26 1 3
11 26 4 6
11 26 7 9
11 26 10 12
11 26 13 15
11 26 16 18
21 19 1 3
21 19 4 6
21 19 7 9
21 19 10 12
21 19 13 15
21 19 16 18
28 12 1 3
28 12 4 6
28 12 7 9
28 12 10 12
28 12 13 15
28 12 16 18
18 29 1 3
18 29 4 6
18 29 7 9
18 29 10 12
18 29 13 15
18 29 16 18
24 23 1 3
24 23 4 6
24 23 7 9
24 23 10 12
24 23 13 15
24 23 16 18
14 30 1 3
14 30 4 6
14 30 7 9
14 30 10 12
14 30 13 15
14 30 16 18
31 26 1 3
31 26 4 6
31 26 7 9
31 26 10 12
31 26 13 15
31 26 16 18
17 33 1 3
17 33 4 6
17 33 7 9
17 33 10 12
17 33 13 15
17 33 16 18
34 16 1 3
34 16 4 6
34 16 7 9
34 16 10 12
34 16 13 15
34 16 16 18
28 29 1 3
28 29 4 6
28 29 7 9
28 29 10 12
28 29 13 15
28 29 16 18
37 19 1 3
37 19 4 6
37 19 7 9
37 19 10 12
37 19 13 15
37 19 16 18
18 38 1 3
18 38 4 6
18 38 7 9
18 38 10 12
18 38 13 15
18 38 16 18
40 26 1 3
40 26 4 6
40 26 7 9
40 26 10 12
40 26 13 15
40 26 16 18
21 41 1 3
21 41 4 6
21 41 7 9
21 41 10 12
21 41 13 15
21 41 16 18
31 33 1 3
31 33 4 6
31 33 7 9
31 33 10 12
31 33 13 15
31 33 16 18
34 42 1 3
34 42 4 6
34 42 7 9
34 42 10 12
34 42 13 15
34 42 16 18
43 23 1 3
43 23 4 6
43 23 7 9
43 23 10 12
43 23 13 15
43 23 16 18
24 45 1 3
24 45 4 6
24 45 7 9
24 45 10 12
24 45 13 15
24 45 16 18
46 30 1 3
46 30 4 6
46 30 7 9
46 30 10 12
46 30 13 15
46 30 16 18
40 38 1 3
40 38 4 6
40 38 7 9
40 38 10 12
40 38 13 15
40 38 16 18
48 41 1 3
48 41 4 6
48 41 7 9
48 41 10 12
48 41 13 15
48 41 16 18
28 49 1 3
28 49 4 6
28 49 7 9
28 49 10 12
28 49 13 15
28 49 16 18
51 29 1 3
51 29 4 6
51 29 7 9
51 29 10 12
51 29 13 15
51 29 16 18
37 42 1 3
37 42 4 6
37 42 7 9
37 42 10 12
37 42 13 15
37 42 16 18
46 45 1 3
46 45 4 6
46 45 7 9
46 45 10 12
46 45 13 15
46 45 16 18
31 53 1 3
31 53 4 6
31 53 7 9
31 53 10 12
31 53 13 15
31 53 16 18
54 30 1 3
54 30 4 6
54 30 7 9
54 30 10 12
54 30 13 15
54 30 16 18
34 56 1 3
34 56 4 6
34 56 7 9
34 56 10 12
34 56 13 15
34 56 16 18
57 33 1 3
57 33 4 6
57 33 7 9
57 33 10 12
57 33 13 15
57 33 16 18
43 59 1 3
43 59 4 6
43 59 7 9
43 59 10 12
43 59 13 15
43 59 16 18
48 49 1 3
48 49 4 6
48 49 7 9
48 49 10 12
48 49 13 15
48 49 16 18
51 60 1 3
51 60 4 6
51 60 7 9
51 60 10 12
51 60 13 15
51 60 16 18
62 38 1 3
62 38 4 6
62 38 7 9
62 38 10 12
62 38 13 15
62 38 16 18
37 63 1 3
37 63 4 6
37 63 7 9
37 63 10 12
37 63 13 15
37 63 16 18
65 41 1 3
65 41 4 6
65 41 7 9
65 41 10 12
65 41 13 15
65 41 16 18
40 66 1 3
40 66 4 6
40 66 7 9
40 66 10 12
40 66 13 15
40 66 16 18
54 56 1 3
54 56 4 6
54 56 7 9
54 56 10 12
54 56 13 15
54 56 16 18
57 59 1 3
57 59 4 6
57 59 7 9
57 59 10 12
57 59 13 15
57 59 16 18
68 42 1 3
68 42 4 6
68 42 7 9
68 42 10 12
68 42 13 15
68 42 16 18
43 70 1 3
43 70 4 6
43 70 7 9
43 70 10 12
43 70 13 15
43 70 16 18
71 45 1 3
71 45 4 6
71 45 7 9
71 45 10 12
71 45 13 15
71 45 16 18
46 73 1 3
46 73 4 6
46 73 7 9
46 73 10 12
46 73 13 15
46 73 16 18
74 53 1 3
74 53 4 6
74 53 7 9
74 53 10 12
74 53 13 15
74 53 16 18
62 60 1 3
62 60 4 6
62 60 7 9
62 60 10 12
62 60 13 15
62 60 16 18
65 63 1 3
65 63 4 6
65 63 7 9
65 63 10 12
65 63 13 15
65 63 16 18
74 66 1 3
74 66 4 6
74 66 7 9
74 66 10 12
74 66 13 15
74 66 16 18
48 75 1 3
48 75 4 6
48 75 7 9
48 75 10 12
48 75 13 15
48 75 16 18
77 49 1 3
77 49 4 6
77 49 7 9
77 49 10 12
77 49 13 15
77 49 16 18
51 78 1 3
51 78 4 6
51 78 7 9
51 78 10 12
51 78 13 15
51 78 16 18
71 70 1 3
71 70 4 6
71 70 7 9
71 70 10 12
71 70 13 15
71 70 16 18
80 73 1 3
80 73 4 6
80 73 7 9
80 73 10 12
80 73 13 15
80 73 16 18
54 82 1 3
54 82 4 6
54 82 7 9
54 82 10 12
54 82 13 15
54 82 16 18
83 53 1 3
83 53 4 6
83 53 7 9
83 53 10 12
83 53 13 15
83 53 16 18
57 85 1 3
57 85 4 6
57 85 7 9
57 85 10 12
57 85 13 15
57 85 16 18
86 56 1 3
86 56 4 6
86 56 7 9
86 56 10 12
86 56 13 15
86 56 16 18
68 88 1 3
68 88 4 6
68 88 7 9
68 88 10 12
68 88 13 15
68 88 16 18
89 59 1 3
89 59 4 6
89 59 7 9
89 59 10 12
89 59 13 15
89 59 16 18
77 78 1 3
77 78 4 6
77 78 7 9
77 78 10 12
77 78 13 15
77 78 16 18
90 60 1 3
90 60 4 6
90 60 7 9
90 60 10 12
90 60 13 15
90 60 16 18
68 91 1 3
68 91 4 6
68 91 7 9
68 91 10 12
68 91 13 15
68 91 16 18
93 63 1 3
93 63 4 6
93 63 7 9
93 63 10 12
93 63 13 15
93 63 16 18
62 94 1 3
62 94 4 6
62 94 7 9
62 94 10 12
62 94 13 15
62 94 16 18
96 66 1 3
96 66 4 6
96 66 7 9
96 66 10 12
96 66 13 15
96 66 16 18
65 97 1 3
65 97 4 6
65 97 7 9
65 97 10 12
65 97 13 15
65 97 16 18
99 75 1 3
99 75 4 6
99 75 7 9
99 75 10 12
99 75 13 15
99 75 16 18
80 82 1 3
80 82 4 6
80 82 7 9
80 82 10 12
80 82 13 15
80 82 16 18
83 85 1 3
83 85 4 6
83 85 7 9
83 85 10 12
83 85 13 15
83 85 16 18
86 88 1 3
86 88 4 6
86 88 7 9
86 88 10 12
86 88 13 15
86 88 16 18
89 101 1 3
89 101 4 6
89 101 7 9
89 101 10 12
89 101 13 15
89 101 16 18
102 70 1 3
102 70 4 6
102 70 7 9
102 70 10 12
102 70 13 15
102 70 16 18
71 104 1 3
71 104 4 6
71 104 7 9
71 104 10 12
71 104 13 15
71 104 16 18
105 73 1 3
105 73 4 6
105 73 7 9
105 73 10 12
105 73 13 15
105 73 16 18
74 107 1 3
74 107 4 6
74 107 7 9
74 107 10 12
74 107 13 15
74 107 16 18
93 91 1 3
93 91 4 6
93 91 7 9
93 91 10 12
93 91 13 15
93 91 16 18
96 94 1 3
96 94 4 6
96 94 7 9
96 94 10 12
96 94 13 15
96 94 16 18
99 97 1 3
99 97 4 6
99 97 7 9
99 97 10 12
99 97 13 15
99 97 16 18
109 75 1 3
109 75 4 6
109 75 7 9
109 75 10 12
109 75 13 15
109 75 16 18
77 110 1 3
77 110 4 6
77 110 7 9
77 110 10 12
77 110 13 15
77 110 16 18
112 78 1 3
112 78 4 6
112 78 7 9
112 78 10 12
112 78 13 15
112 78 16 18
90 113 1 3
90 113 4 6
90 113 7 9
90 113 10 12
90 113 13 15
90 113 16 18
102 101 1 3
102 101 4 6
102 101 7 9
102 101 10 12
102 101 13 15
102 101 16 18
105 104 1 3
105 104 4 6
105 104 7 9
105 104 10 12
105 104 13 15
105 104 16 18
80 113 1 3
80 113 4 6
80 113 7 9
80 113 10 12
80 113 13 15
80 113 16 18
114 107 1 3
114 107 4 6
114 107 7 9
114 107 10 12
114 107 13 15
114 107 16 18
83 116 1 3
83 116 4 6
83 116 7 9
83 116 10 12
83 116 13 15
83 116 16 18
117 82 1 3
117 82 4 6
117 82 7 9
117 82 10 12
117 82 13 15
117 82 16 18
86 119 1 3
86 119 4 6
86 119 7 9
86 119 10 12
86 119 13 15
86 119 16 18
120 85 1 3
120 85 4 6
120 85 7 9
120 85 10 12
120 85 13 15
120 85 16 18
89 122 1 3
89 122 4 6
89 122 7 9
89 122 10 12
89 122 13 15
89 122 16 18
114 88 1 3
114 88 4 6
114 88 7 9
114 88 10 12
114 88 13 15
114 88 16 18
109 110 1 3
109 110 4 6
109 110 7 9
109 110 10 12
109 110 13 15
109 110 16 18
112 113 1 3
112 113 4 6
112 113 7 9
112 113 10 12
112 113 13 15
112 113 16 18
123 91 1 3
123 91 4 6
123 91 7 9
123 91 10 12
123 91 13 15
123 91 16 18
90 124 1 3
90 124 4 6
90 124 7 9
90 124 10 12
90 124 13 15
90 124 16 18
126 94 1 3
126 94 4 6
126 94 7 9
126 94 10 12
126 94 13 15
126 94 16 18
93 127 1 3
93 127 4 6
93 127 7 9
93 127 10 12
93 127 13 15
93 127 16 18
129 97 1 3
129 97 4 6
129 97 7 9
129 97 10 12
129 97 13 15
129 97 16 18
96 130 1 3
96 130 4 6
96 130 7 9
96 130 10 12
96 130 13 15
96 130 16 18
123 107 1 3
123 107 4 6
123 107 7 9
123 107 10 12
123 107 13 15
123 107 16 18
99 101 1 3
99 101 4 6
99 101 7 9
99 101 10 12
99 101 13 15
99 101 16 18
114 116 1 3
114 116 4 6
114 116 7 9
114 116 10 12
114 116 13 15
114 116 16 18
117 119 1 3
117 119 4 6
117 119 7 9
117 119 10 12
117 119 13 15
117 119 16 18
120 122 1 3
120 122 4 6
120 122 7 9
120 122 10 12
120 122 13 15
120 122 16 18
102 132 1 3
102 132 4 6
102 132 7 9
102 132 10 12
102 132 13 15
102 132 16 18
133 104 1 3
133 104 4 6
133 104 7 9
133 104 10 12
133 104 13 15
133 104 16 18
105 124 1 3
105 124 4 6
105 124 7 9
105 124 10 12
105 124 13 15
105 124 16 18
126 124 1 3
126 124 4 6
126 124 7 9
126 124 10 12
126 124 13 15
126 124 16 18
129 127 1 3
129 127 4 6
129 127 7 9
129 127 10 12
129 127 13 15
129 127 16 18
123 130 1 3
123 130 4 6
123 130 7 9
123 130 10 12
123 130 13 15
123 130 16 18
109 122 1 3
109 122 4 6
109 122 7 9
109 122 10 12
109 122 13 15
109 122 16 18
136 110 1 3
136 110 4 6
136 110 7 9
136 110 10 12
136 110 13 15
136 110 16 18
112 137 1 3
112 137 4 6
112 137 7 9
112 137 10 12
112 137 13 15
112 137 16 18
133 132 1 3
133 132 4 6
133 132 7 9
133 132 10 12
133 132 13 15
133 132 16 18
117 137 1 3
117 137 4 6
117 137 7 9
117 137 10 12
117 137 13 15
117 137 16 18
138 116 1 3
138 116 4 6
138 116 7 9
138 116 10 12
138 116 13 15
138 116 16 18
120 140 1 3
120 140 4 6
120 140 7 9
120 140 10 12
120 140 13 15
120 140 16 18
138 119 1 3
138 119 4 6
138 119 7 9
138 119 10 12
138 119 13 15
138 119 16 18
136 137 1 3
136 137 4 6
136 137 7 9
136 137 10 12
136 137 13 15
136 137 16 18
141 127 1 3
141 127 4 6
141 127 7 9
141 127 10 12
141 127 13 15
141 127 16 18
126 142 1 3
126 142 4 6
126 142 7 9
126 142 10 12
126 142 13 15
126 142 16 18
141 130 1 3
141 130 4 6
141 130 7 9
141 130 10 12
141 130 13 15
141 130 16 18
129 132 1 3
129 132 4 6
129 132 7 9
129 132 10 12
129 132 13 15
129 132 16 18
138 140 1 3
138 140 4 6
138 140 7 9
138 140 10 12
138 140 13 15
138 140 16 18
133 142 1 3
133 142 4 6
133 142 7 9
133 142 10 12
133 142 13 15
133 142 16 18
141 142 1 3
141 142 4 6
141 142 7 9
141 142 10 12
141 142 13 15
141 142 16 18
136 140 1 3
136 140 4 6
136 140 7 9
136 140 10 12
136 140 13 15
136 140 16 18
0 2 2 4
0 2 5 7
0 2 8 10
0 2 11 13
0 2 14 16
0 2 17 19
0 3 2 4
0 3 5 7
0 3 8 10
0 3 11 13
0 3 14 16
0 3 17 19
4 2 2 4
4 2 5 7
4 2 8 10
4 2 11 13
4 2 14 16
4 2 17 19
7 3 2 4
7 3 5 7
7 3 8 10
7 3 11 13
7 3 14 16
7 3 17 19
4 8 2 4
4 8 5 7
4 8 8 10
4 8 11 13
4 8 14 16
4 8 17 19
9 2 2 4
9 2 5 7
9 2 8 10
9 2 11 13
9 2 14 16
9 2 17 19
0 11 2 4
0 11 5 7
0 11 8 10
0 11 11 13
0 11 14 16
0 11 17 19
13 3 2 4
13 3 5 7
13 3 8 10
13 3 11 13
13 3 14 16
13 3 17 19
7 8 2 4
7 8 5 7
7 8 8 10
7 8 11 13
7 8 14 16
7 8 17 19
4 14 2 4
4 14 5 7
4 14 8 10
4 14 11 13
4 14 14 16
4 14 17 19
15 11 2 4
15 11 5 7
15 11 8 10
15 11 11 13
15 11 14 16
15 11 17 19
9 17 2 4
9 17 5 7
9 17 8 10
9 17 11 13
9 17 14 16
9 17 17 19
13 18 2 4
13 18 5 7
13 18 8 10
13 18 11 13
13 18 14 16
13 18 17 19
20 11 2 4
20 11 5 7
20 11 8 10
20 11 11 13
20 11 14 16
20 11 17 19
7 21 2 4
7 21 5 7
7 21 8 10
7 21 11 13
7 21 14 16
7 21 17 19
15 17 2 4
15 17 5 7
15 17 8 10
15 17 11 13
15 17 14 16
15 17 17 19
22 8 2 4
22 8 5 7
22 8 8 10
22 8 11 13
22 8 14 16
22 8 17 19
9 24 2 4
9 24 5 7
9 24 8 10
9 24 11 13
9 24 14 16
9 24 17 19
25 14 2 4
25 14 5 7
25 14 8 10
25 14 11 13
25 14 14 16
25 14 17 19
20 18 2 4
20 18 5 7
20 18 8 10
20 18 11 13
20 18 14 16
20 18 17 19
27 21 2 4
27 21 5 7
27 21 8 10
27 21 11 13
27 21 14 16
27 21 17 19
13 28 2 4
13 28 5 7
13 28 8 10
13 28 11 13
13 28 14 16
13 28 17 19
25 24 2 4
25 24 5 7
25 24 8 10
25 24 11 13
25 24 14 16
25 24 17 19
15 31 2 4
15 31 5 7
15 31 8 10
15 31 11 13
15 31 14 16
15 31 17 19
32 14 2 4
32 14 5 7
32 14 8 10
32 14 11 13
32 14 14 16
32 14 17 19
22 34 2 4
22 34 5 7
22 34 8 10
22 34 11 13
22 34 14 16
22 34 17 19
35 17 2 4
35 17 5 7
35 17 8 10
35 17 11 13
35 17 14 16
35 17 17 19
27 28 2 4
27 28 5 7
27 28 8 10
27 28 11 13
27 28 14 16
27 28 17 19
36 18 2 4
36 18 5 7
36 18 8 10
36 18 11 13
36 18 14 16
36 18 17 19
22 37 2 4
22 37 5 7
22 37 8 10
22 37 11 13
22 37 14 16
22 37 17 19
39 21 2 4
39 21 5 7
39 21 8 10
39 21 11 13
39 21 14 16
39 21 17 19
20 40 2 4
20 40 5 7
20 40 8 10
20 40 11 13
20 40 14 16
20 40 17 19
32 34 2 4
32 34 5 7
32 34 8 10
32 34 11 13
32 34 14 16
32 34 17 19
35 43 2 4
35 43 5 7
35 43 8 10
35 43 11 13
35 43 14 16
35 43 17 19
44 24 2 4
44 24 5 7
44 24 8 10
44 24 11 13
44 24 14 16
44 24 17 19
25 46 2 4
25 46 5 7
25 46 8 10
25 46 11 13
25 46 14 16
25 46 17 19
47 31 2 4
47 31 5 7
47 31 8 10
47 31 11 13
47 31 14 16
47 31 17 19
39 37 2 4
39 37 5 7
39 37 8 10
39 37 11 13
39 37 14 16
39 37 17 19
47 40 2 4
47 40 5 7
47 40 8 10
47 40 11 13
47 40 14 16
47 40 17 19
27 48 2 4
27 48 5 7
27 48 8 10
27 48 11 13
27 48 14 16
27 48 17 19
50 28 2 4
50 28 5 7
50 28 8 10
50 28 11 13
50 28 14 16
50 28 17 19
36 51 2 4
36 51 5 7
36 51 8 10
36 51 11 13
36 51 14 16
36 51 17 19
44 43 2 4
44 43 5 7
44 43 8 10
44 43 11 13
44 43 14 16
44 43 17 19
52 46 2 4
52 46 5 7
52 46 8 10
52 46 11 13
52 46 14 16
52 46 17 19
32 54 2 4
32 54 5 7
32 54 8 10
32 54 11 13
32 54 14 16
32 54 17 19
55 31 2 4
55 31 5 7
55 31 8 10
55 31 11 13
55 31 14 16
55 31 17 19
35 57 2 4
35 57 5 7
35 57 8 10
35 57 11 13
35 57 14 16
35 57 17 19
58 34 2 4
58 34 5 7
58 34 8 10
58 34 11 13
58 34 14 16
58 34 17 19
50 51 2 4
50 51 5 7
50 51 8 10
50 51 11 13
50 51 14 16
50 51 17 19
61 37 2 4
61 37 5 7
61 37 8 10
61 37 11 13
61 37 14 16
61 37 17 19
36 62 2 4
36 62 5 7
36 62 8 10
36 62 11 13
36 62 14 16
36 62 17 19
64 40 2 4
64 40 5 7
64 40 8 10
64 40 11 13
64 40 14 16
64 40 17 19
39 65 2 4
39 65 5 7
39 65 8 10
39 65 11 13
39 65 14 16
39 65 17 19
67 48 2 4
67 48 5 7
67 48 8 10
67 48 11 13
67 48 14 16
67 48 17 19
52 54 2 4
52 54 5 7
52 54 8 10
52 54 11 13
52 54 14 16
52 54 17 19
55 57 2 4
55 57 5 7
55 57 8 10
55 57 11 13
55 57 14 16
55 57 17 19
58 68 2 4
58 68 5 7
58 68 8 10
58 68 11 13
58 68 14 16
58 68 17 19
69 43 2 4
69 43 5 7
69 43 8 10
69 43 11 13
69 43 14 16
69 43 17 19
44 71 2 4
44 71 5 7
44 71 8 10
44 71 11 13
44 71 14 16
44 71 17 19
72 46 2 4
72 46 5 7
72 46 8 10
72 46 11 13
72 46 14 16
72 46 17 19
47 74 2 4
47 74 5 7
47 74 8 10
47 74 11 13
47 74 14 16
47 74 17 19
64 62 2 4
64 62 5 7
64 62 8 10
64 62 11 13
64 62 14 16
64 62 17 19
67 65 2 4
67 65 5 7
67 65 8 10
67 65 11 13
67 65 14 16
67 65 17 19
76 48 2 4
76 48 5 7
76 48 8 10
76 48 11 13
76 48 14 16
76 48 17 19
50 77 2 4
50 77 5 7
50 77 8 10
50 77 11 13
50 77 14 16
50 77 17 19
79 51 2 4
79 51 5 7
79 51 8 10
79 51 11 13
79 51 14 16
79 51 17 19
61 68 2 4
61 68 5 7
61 68 8 10
61 68 11 13
61 68 14 16
61 68 17 19
72 71 2 4
72 71 5 7
72 71 8 10
72 71 11 13
72 71 14 16
72 71 17 19
52 80 2 4
52 80 5 7
52 80 8 10
52 80 11 13
52 80 14 16
52 80 17 19
81 74 2 4
81 74 5 7
81 74 8 10
81 74 11 13
81 74 14 16
81 74 17 19
55 83 2 4
55 83 5 7
55 83 8 10
55 83 11 13
55 83 14 16
55 83 17 19
84 54 2 4
84 54 5 7
84 54 8 10
84 54 11 13
84 54 14 16
84 54 17 19
58 86 2 4
58 86 5 7
58 86 8 10
58 86 11 13
58 86 14 16
58 86 17 19
87 57 2 4
87 57 5 7
87 57 8 10
87 57 11 13
87 57 14 16
87 57 17 19
69 89 2 4
69 89 5 7
69 89 8 10
69 89 11 13
69 89 14 16
69 89 17 19
76 77 2 4
76 77 5 7
76 77 8 10
76 77 11 13
76 77 14 16
76 77 17 19
79 90 2 4
79 90 5 7
79 90 8 10
79 90 11 13
79 90 14 16
79 90 17 19
92 62 2 4
92 62 5 7
92 62 8 10
92 62 11 13
92 62 14 16
92 62 17 19
61 93 2 4
61 93 5 7
61 93 8 10
61 93 11 13
61 93 14 16
61 93 17 19
95 65 2 4
95 65 5 7
95 65 8 10
95 65 11 13
95 65 14 16
95 65 17 19
64 96 2 4
64 96 5 7
64 96 8 10
64 96 11 13
64 96 14 16
64 96 17 19
98 74 2 4
98 74 5 7
98 74 8 10
98 74 11 13
98 74 14 16
98 74 17 19
67 99 2 4
67 99 5 7
67 99 8 10
67 99 11 13
67 99 14 16
67 99 17 19
81 83 2 4
81 83 5 7
81 83 8 10
81 83 11 13
81 83 14 16
81 83 17 19
84 86 2 4
84 86 5 7
84 86 8 10
84 86 11 13
84 86 14 16
84 86 17 19
87 89 2 4
87 89 5 7
87 89 8 10
87 89 11 13
87 89 14 16
87 89 17 19
100 68 2 4
100 68 5 7
100 68 8 10
100 68 11 13
100 68 14 16
100 68 17 19
69 102 2 4
69 102 5 7
69 102 8 10
69 102 11 13
69 102 14 16
69 102 17 19
103 71 2 4
103 71 5 7
103 71 8 10
103 71 11 13
103 71 14 16
103 71 17 19
72 105 2 4
72 105 5 7
72 105 8 10
72 105 11 13
72 105 14 16
72 105 17 19
106 80 2 4
106 80 5 7
106 80 8 10
106 80 11 13
106 80 14 16
106 80 17 19
92 90 2 4
92 90 5 7
92 90 8 10
92 90 11 13
92 90 14 16
92 90 17 19
95 93 2 4
95 93 5 7
95 93 8 10
95 93 11 13
95 93 14 16
95 93 17 19
98 96 2 4
98 96 5 7
98 96 8 10
98 96 11 13
98 96 14 16
98 96 17 19
108 99 2 4
108 99 5 7
108 99 8 10
108 99 11 13
108 99 14 16
108 99 17 19
76 109 2 4
76 109 5 7
76 109 8 10
76 109 11 13
76 109 14 16
76 109 17 19
111 77 2 4
111 77 5 7
111 77 8 10
111 77 11 13
111 77 14 16
111 77 17 19
79 112 2 4
79 112 5 7
79 112 8 10
79 112 11 13
79 112 14 16
79 112 17 19
103 102 2 4
103 102 5 7
103 102 8 10
103 102 11 13
103 102 14 16
103 102 17 19
106 105 2 4
106 105 5 7
106 105 8 10
106 105 11 13
106 105 14 16
106 105 17 19
81 114 2 4
81 114 5 7
81 114 8 10
81 114 11 13
81 114 14 16
81 114 17 19
115 80 2 4
115 80 5 7
115 80 8 10
115 80 11 13
115 80 14 16
115 80 17 19
84 117 2 4
84 117 5 7
84 117 8 10
84 117 11 13
84 117 14 16
84 117 17 19
118 83 2 4
118 83 5 7
118 83 8 10
118 83 11 13
118 83 14 16
118 83 17 19
87 120 2 4
87 120 5 7
87 120 8 10
87 120 11 13
87 120 14 16
87 120 17 19
121 86 2 4
121 86 5 7
121 86 8 10
121 86 11 13
121 86 14 16
121 86 17 19
100 114 2 4
100 114 5 7
100 114 8 10
100 114 11 13
100 114 14 16
100 114 17 19
108 89 2 4
108 89 5 7
108 89 8 10
108 89 11 13
108 89 14 16
108 89 17 19
108 109 2 4
108 109 5 7
108 109 8 10
108 109 11 13
108 109 14 16
108 109 17 19
111 112 2 4
111 112 5 7
111 112 8 10
111 112 11 13
111 112 14 16
111 112 17 19
106 90 2 4
106 90 5 7
106 90 8 10
106 90 11 13
106 90 14 16
106 90 17 19
100 123 2 4
100 123 5 7
100 123 8 10
100 123 11 13
100 123 14 16
100 123 17 19
125 93 2 4
125 93 5 7
125 93 8 10
125 93 11 13
125 93 14 16
125 93 17 19
92 126 2 4
92 126 5 7
92 126 8 10
92 126 11 13
92 126 14 16
92 126 17 19
128 96 2 4
128 96 5 7
128 96 8 10
128 96 11 13
128 96 14 16
128 96 17 19
95 129 2 4
95 129 5 7
95 129 8 10
95 129 11 13
95 129 14 16
95 129 17 19
131 99 2 4
131 99 5 7
131 99 8 10
131 99 11 13
131 99 14 16
131 99 17 19
98 123 2 4
98 123 5 7
98 123 8 10
98 123 11 13
98 123 14 16
98 123 17 19
115 117 2 4
115 117 5 7
115 117 8 10
115 117 11 13
115 117 14 16
115 117 17 19
118 120 2 4
118 120 5 7
118 120 8 10
118 120 11 13
118 120 14 16
118 120 17 19
121 114 2 4
121 114 5 7
121 114 8 10
121 114 11 13
121 114 14 16
121 114 17 19
131 102 2 4
131 102 5 7
131 102 8 10
131 102 11 13
131 102 14 16
131 102 17 19
103 133 2 4
103 133 5 7
103 133 8 10
103 133 11 13
103 133 14 16
103 133 17 19
134 105 2 4
134 105 5 7
134 105 8 10
134 105 11 13
134 105 14 16
134 105 17 19
125 123 2 4
125 123 5 7
125 123 8 10
125 123 11 13
125 123 14 16
125 123 17 19
128 126 2 4
128 126 5 7
128 126 8 10
128 126 11 13
128 126 14 16
128 126 17 19
131 129 2 4
131 129 5 7
131 129 8 10
131 129 11 13
131 129 14 16
131 129 17 19
135 109 2 4
135 109 5 7
135 109 8 10
135 109 11 13
135 109 14 16
135 109 17 19
111 136 2 4
111 136 5 7
111 136 8 10
111 136 11 13
111 136 14 16
111 136 17 19
115 112 2 4
115 112 5 7
115 112 8 10
115 112 11 13
115 112 14 16
115 112 17 19
134 133 2 4
134 133 5 7
134 133 8 10
134 133 11 13
134 133 14 16
134 133 17 19
118 138 2 4
118 138 5 7
118 138 8 10
118 138 11 13
118 138 14 16
118 138 17 19
139 117 2 4
139 117 5 7
139 117 8 10
139 117 11 13
139 117 14 16
139 117 17 19
121 138 2 4
121 138 5 7
121 138 8 10
121 138 11 13
121 138 14 16
121 138 17 19
135 120 2 4
135 120 5 7
135 120 8 10
135 120 11 13
135 120 14 16
135 120 17 19
135 136 2 4
135 136 5 7
135 136 8 10
135 136 11 13
135 136 14 16
135 136 17 19
134 126 2 4
134 126 5 7
134 126 8 10
134 126 11 13
134 126 14 16
134 126 17 19
125 141 2 4
125 141 5 7
125 141 8 10
125 141 11 13
125 141 14 16
125 141 17 19
143 129 2 4
143 129 5 7
143 129 8 10
143 129 11 13
143 129 14 16
143 129 17 19
128 141 2 4
128 141 5 7
128 141 8 10
128 141 11 13
128 141 14 16
128 141 17 19
139 138 2 4
139 138 5 7
139 138 8 10
139 138 11 13
139 138 14 16
139 138 17 19
143 133 2 4
143 133 5 7
143 133 8 10
143 133 11 13
143 133 14 16
143 133 17 19
143 141 2 4
143 141 5 7
143 141 8 10
143 141 11 13
143 141 14 16
143 141 17 19
139 136 2 4
139 136 5 7
139 136 8 10
139 136 11 13
139 136 14 16
139 136 17 19
1 0 0 2
1 0 3 5
1 0 6 8
1 0 9 11
1 0 12 14
1 0 15 17
1 4 0 2
1 4 3 5
1 4 6 8
1 4 9 11
1 4 12 14
1 4 15 17
5 0 0 2
5 0 3 5
5 0 6 8
5 0 9 11
5 0 12 14
5 0 15 17
6 0 0 2
6 0 3 5
6 0 6 8
6 0 9 11
6 0 12 14
6 0 15 17
1 7 0 2
1 7 3 5
1 7 6 8
1 7 9 11
1 7 12 14
1 7 15 17
5 9 0 2
5 9 3 5
5 9 6 8
5 9 9 11
5 9 12 14
5 9 15 17
10 4 0 2
10 4 3 5
10 4 6 8
10 4 9 11
10 4 12 14
10 4 15 17
12 7 0 2
12 7 3 5
12 7 6 8
12 7 9 11
12 7 12 14
12 7 15 17
6 13 0 2
6 13 3 5
6 13 6 8
6 13 9 11
6 13 12 14
6 13 15 17
10 9 0 2
10 9 3 5
10 9 6 8
10 9 9 11
10 9 12 14
10 9 15 17
5 15 0 2
5 15 3 5
5 15 6 8
5 15 9 11
5 15 12 14
5 15 15 17
16 4 0 2
16 4 3 5
16 4 6 8
16 4 9 11
16 4 12 14
16 4 15 17
12 13 0 2
12 13 3 5
12 13 6 8
12 13 9 11
12 13 12 14
12 13 15 17
19 7 0 2
19 7 3 5
19 7 6 8
19 7 9 11
19 7 12 14
19 7 15 17
6 20 0 2
6 20 3 5
6 20 6 8
6 20 9 11
6 20 12 14
6 20 15 17
16 22 0 2
16 22 3 5
16 22 6 8
16 22 9 11
16 22 12 14
16 22 15 17
23 9 0 2
23 9 3 5
23 9 6 8
23 9 9 11
23 9 12 14
23 9 15 17
10 25 0 2
10 25 3 5
10 25 6 8
10 25 9 11
10 25 12 14
10 25 15 17
26 15 0 2
26 15 3 5
26 15 6 8
26 15 9 11
26 15 12 14
26 15 15 17
26 20 0 2
26 20 3 5
26 20 6 8
26 20 9 11
26 20 12 14
26 20 15 17
12 27 0 2
12 27 3 5
12 27 6 8
12 27 9 11
12 27 12 14
12 27 15 17
29 13 0 2
29 13 3 5
29 13 6 8
29 13 9 11
29 13 12 14
29 13 15 17
19 22 0 2
19 22 3 5
19 22 6 8
19 22 9 11
19 22 12 14
19 22 15 17
30 25 0 2
30 25 3 5
30 25 6 8
30 25 9 11
30 25 12 14
30 25 15 17
16 32 0 2
16 32 3 5
16 32 6 8
16 32 9 11
16 32 12 14
16 32 15 17
33 15 0 2
33 15 3 5
33 15 6 8
33 15 9 11
33 15 12 14
33 15 15 17
23 35 0 2
23 35 3 5
23 35 6 8
23 35 9 11
23 35 12 14
23 35 15 17
29 36 0 2
29 36 3 5
29 36 6 8
29 36 9 11
29 36 12 14
29 36 15 17
38 20 0 2
38 20 3 5
38 20 6 8
38 20 9 11
38 20 12 14
38 20 15 17
19 39 0 2
19 39 3 5
19 39 6 8
19 39 9 11
19 39 12 14
19 39 15 17
41 27 0 2
41 27 3 5
41 27 6 8
41 27 9 11
41 27 12 14
41 27 15 17
30 32 0 2
30 32 3 5
30 32 6 8
30 32 9 11
30 32 12 14
30 32 15 17
33 35 0 2
33 35 3 5
33 35 6 8
33 35 9 11
33 35 12 14
33 35 15 17
42 22 0 2
42 22 3 5
42 22 6 8
42 22 9 11
42 22 12 14
42 22 15 17
23 44 0 2
23 44 3 5
23 44 6 8
23 44 9 11
23 44 12 14
23 44 15 17
45 25 0 2
45 25 3 5
45 25 6 8
45 25 9 11
45 25 12 14
45 25 15 17
26 47 0 2
26 47 3 5
26 47 6 8
26 47 9 11
26 47 12 14
26 47 15 17
38 36 0 2
38 36 3 5
38 36 6 8
38 36 9 11
38 36 12 14
38 36 15 17
41 39 0 2
41 39 3 5
41 39 6 8
41 39 9 11
41 39 12 14
41 39 15 17
49 27 0 2
49 27 3 5
49 27 6 8
49 27 9 11
49 27 12 14
49 27 15 17
29 50 0 2
29 50 3 5
29 50 6 8
29 50 9 11
29 50 12 14
29 50 15 17
45 44 0 2
45 44 3 5
45 44 6 8
45 44 9 11
45 44 12 14
45 44 15 17
30 52 0 2
30 52 3 5
30 52 6 8
30 52 9 11
30 52 12 14
30 52 15 17
53 47 0 2
53 47 3 5
53 47 6 8
53 47 9 11
53 47 12 14
53 47 15 17
33 55 0 2
33 55 3 5
33 55 6 8
33 55 9 11
33 55 12 14
33 55 15 17
56 32 0 2
56 32 3 5
56 32 6 8
56 32 9 11
56 32 12 14
56 32 15 17
42 58 0 2
42 58 3 5
42 58 6 8
42 58 9 11
42 58 12 14
42 58 15 17
59 35 0 2
59 35 3 5
59 35 6 8
59 35 9 11
59 35 12 14
59 35 15 17
49 50 0 2
49 50 3 5
49 50 6 8
49 50 9 11
49 50 12 14
49 50 15 17
60 36 0 2
60 36 3 5
60 36 6 8
60 36 9 11
60 36 12 14
60 36 15 17
42 61 0 2
42 61 3 5
42 61 6 8
42 61 9 11
42 61 12 14
42 61 15 17
63 39 0 2
63 39 3 5
63 39 6 8
63 39 9 11
63 39 12 14
63 39 15 17
38 64 0 2
38 64 3 5
38 64 6 8
38 64 9 11
38 64 12 14
38 64 15 17
66 47 0 2
66 47 3 5
66 47 6 8
66 47 9 11
66 47 12 14
66 47 15 17
41 67 0 2
41 67 3 5
41 67 6 8
41 67 9 11
41 67 12 14
41 67 15 17
53 55 0 2
53 55 3 5
53 55 6 8
53 55 9 11
53 55 12 14
53 55 15 17
56 58 0 2
56 58 3 5
56 58 6 8
56 58 9 11
56 58 12 14
56 58 15 17
59 69 0 2
59 69 3 5
59 69 6 8
59 69 9 11
59 69 12 14
59 69 15 17
70 44 0 2
70 44 3 5
70 44 6 8
70 44 9 11
70 44 12 14
70 44 15 17
45 72 0 2
45 72 3 5
45 72 6 8
45 72 9 11
45 72 12 14
45 72 15 17
73 52 0 2
73 52 3 5
73 52 6 8
73 52 9 11
73 52 12 14
73 52 15 17
63 61 0 2
63 61 3 5
63 61 6 8
63 61 9 11
63 61 12 14
63 61 15 17
66 64 0 2
66 64 3 5
66 64 6 8
66 64 9 11
66 64 12 14
66 64 15 17
75 67 0 2
75 67 3 5
75 67 6 8
75 67 9 11
75 67 12 14
75 67 15 17
49 76 0 2
49 76 3 5
49 76 6 8
49 76 9 11
49 76 12 14
49 76 15 17
78 50 0 2
78 50 3 5
78 50 6 8
78 50 9 11
78 50 12 14
78 50 15 17
60 79 0 2
60 79 3 5
60 79 6 8
60 79 9 11
60 79 12 14
60 79 15 17
70 69 0 2
70 69 3 5
70 69 6 8
70 69 9 11
70 69 12 14
70 69 15 17
73 72 0 2
73 72 3 5
73 72 6 8
73 72 9 11
73 72 12 14
73 72 15 17
53 81 0 2
53 81 3 5
53 81 6 8
53 81 9 11
53 81 12 14
53 81 15 17
82 52 0 2
82 52 3 5
82 52 6 8
82 52 9 11
82 52 12 14
82 52 15 17
56 84 0 2
56 84 3 5
56 84 6 8
56 84 9 11
56 84 12 14
56 84 15 17
85 55 0 2
85 55 3 5
85 55 6 8
85 55 9 11
85 55 12 14
85 55 15 17
59 87 0 2
59 87 3 5
59 87 6 8
59 87 9 11
59 87 12 14
59 87 15 17
88 58 0 2
88 58 3 5
88 58 6 8
88 58 9 11
88 58 12 14
88 58 15 17
75 76 0 2
75 76 3 5
75 76 6 8
75 76 9 11
75 76 12 14
75 76 15 17
78 79 0 2
78 79 3 5
78 79 6 8
78 79 9 11
78 79 12 14
78 79 15 17
91 61 0 2
91 61 3 5
91 61 6 8
91 61 9 11
91 61 12 14
91 61 15 17
60 92 0 2
60 92 3 5
60 92 6 8
60 92 9 11
60 92 12 14
60 92 15 17
94 64 0 2
94 64 3 5
94 64 6 8
94 64 9 11
94 64 12 14
94 64 15 17
63 95 0 2
63 95 3 5
63 95 6 8
63 95 9 11
63 95 12 14
63 95 15 17
97 67 0 2
97 67 3 5
97 67 6 8
97 67 9 11
97 67 12 14
97 67 15 17
66 98 0 2
66 98 3 5
66 98 6 8
66 98 9 11
66 98 12 14
66 98 15 17
82 84 0 2
82 84 3 5
82 84 6 8
82 84 9 11
82 84 12 14
82 84 15 17
85 87 0 2
85 87 3 5
85 87 6 8
85 87 9 11
85 87 12 14
85 87 15 17
88 100 0 2
88 100 3 5
88 100 6 8
88 100 9 11
88 100 12 14
88 100 15 17
101 69 0 2
101 69 3 5
101 69 6 8
101 69 9 11
101 69 12 14
101 69 15 17
70 103 0 2
70 103 3 5
70 103 6 8
70 103 9 11
70 103 12 14
70 103 15 17
104 72 0 2
104 72 3 5
104 72 6 8
104 72 9 11
104 72 12 14
104 72 15 17
73 106 0 2
73 106 3 5
73 106 6 8
73 106 9 11
73 106 12 14
73 106 15 17
107 81 0 2
107 81 3 5
107 81 6 8
107 81 9 11
107 81 12 14
107 81 15 17
94 92 0 2
94 92 3 5
94 92 6 8
94 92 9 11
94 92 12 14
94 92 15 17
97 95 0 2
97 95 3 5
97 95 6 8
97 95 9 11
97 95 12 14
97 95 15 17
107 98 0 2
107 98 3 5
107 98 6 8
107 98 9 11
107 98 12 14
107 98 15 17
75 108 0 2
75 108 3 5
75 108 6 8
75 108 9 11
75 108 12 14
75 108 15 17
110 76 0 2
110 76 3 5
110 76 6 8
110 76 9 11
110 76 12 14
110 76 15 17
78 111 0 2
78 111 3 5
78 111 6 8
78 111 9 11
78 111 12 14
78 111 15 17
113 79 0 2
113 79 3 5
113 79 6 8
113 79 9 11
113 79 12 14
113 79 15 17
91 100 0 2
91 100 3 5
91 100 6 8
91 100 9 11
91 100 12 14
91 100 15 17
104 103 0 2
104 103 3 5
104 103 6 8
104 103 9 11
104 103 12 14
104 103 15 17
113 106 0 2
113 106 3 5
113 106 6 8
113 106 9 11
113 106 12 14
113 106 15 17
82 115 0 2
82 115 3 5
82 115 6 8
82 115 9 11
82 115 12 14
82 115 15 17
116 81 0 2
116 81 3 5
116 81 6 8
116 81 9 11
116 81 12 14
116 81 15 17
85 118 0 2
85 118 3 5
85 118 6 8
85 118 9 11
85 118 12 14
85 118 15 17
119 84 0 2
119 84 3 5
119 84 6 8
119 84 9 11
119 84 12 14
119 84 15 17
88 121 0 2
88 121 3 5
88 121 6 8
88 121 9 11
88 121 12 14
88 121 15 17
122 87 0 2
122 87 3 5
122 87 6 8
122 87 9 11
122 87 12 14
122 87 15 17
101 108 0 2
101 108 3 5
101 108 6 8
101 108 9 11
101 108 12 14
101 108 15 17
110 111 0 2
110 111 3 5
110 111 6 8
110 111 9 11
110 111 12 14
110 111 15 17
124 92 0 2
124 92 3 5
124 92 6 8
124 92 9 11
124 92 12 14
124 92 15 17
91 125 0 2
91 125 3 5
91 125 6 8
91 125 9 11
91 125 12 14
91 125 15 17
127 95 0 2
127 95 3 5
127 95 6 8
127 95 9 11
127 95 12 14
127 95 15 17
94 128 0 2
94 128 3 5
94 128 6 8
94 128 9 11
94 128 12 14
94 128 15 17
130 98 0 2
130 98 3 5
130 98 6 8
130 98 9 11
130 98 12 14
130 98 15 17
97 131 0 2
97 131 3 5
97 131 6 8
97 131 9 11
97 131 12 14
97 131 15 17
113 115 0 2
113 115 3 5
113 115 6 8
113 115 9 11
113 115 12 14
113 115 15 17
116 118 0 2
116 118 3 5
116 118 6 8
116 118 9 11
116 118 12 14
116 118 15 17
119 121 0 2
119 121 3 5
119 121 6 8
119 121 9 11
119 121 12 14
119 121 15 17
122 108 0 2
122 108 3 5
122 108 6 8
122 108 9 11
122 108 12 14
122 108 15 17
107 100 0 2
107 100 3 5
107 100 6 8
107 100 9 11
107 100 12 14
107 100 15 17
101 131 0 2
101 131 3 5
101 131 6 8
101 131 9 11
101 131 12 14
101 131 15 17
132 103 0 2
132 103 3 5
132 103 6 8
132 103 9 11
132 103 12 14
132 103 15 17
104 134 0 2
104 134 3 5
104 134 6 8
104 134 9 11
104 134 12 14
104 134 15 17
124 106 0 2
124 106 3 5
124 106 6 8
124 106 9 11
124 106 12 14
124 106 15 17
127 125 0 2
127 125 3 5
127 125 6 8
127 125 9 11
127 125 12 14
127 125 15 17
130 128 0 2
130 128 3 5
130 128 6 8
130 128 9 11
130 128 12 14
130 128 15 17
110 135 0 2
110 135 3 5
110 135 6 8
110 135 9 11
110 135 12 14
110 135 15 17
137 111 0 2
137 111 3 5
137 111 6 8
137 111 9 11
137 111 12 14
137 111 15 17
132 131 0 2
132 131 3 5
132 131 6 8
132 131 9 11
132 131 12 14
132 131 15 17
124 134 0 2
124 134 3 5
124 134 6 8
124 134 9 11
124 134 12 14
124 134 15 17
116 121 0 2
116 121 3 5
116 121 6 8
116 121 9 11
116 121 12 14
116 121 15 17
137 115 0 2
137 115 3 5
137 115 6 8
137 115 9 11
137 115 12 14
137 115 15 17
119 139 0 2
119 139 3 5
119 139 6 8
119 139 9 11
119 139 12 14
119 139 15 17
140 118 0 2
140 118 3 5
140 118 6 8
140 118 9 11
140 118 12 14
140 118 15 17
122 135 0 2
122 135 3 5
122 135 6 8
122 135 9 11
122 135 12 14
122 135 15 17
130 125 0 2
130 125 3 5
130 125 6 8
130 125 9 11
130 125 12 14
130 125 15 17
142 128 0 2
142 128 3 5
142 128 6 8
142 128 9 11
142 128 12 14
142 128 15 17
127 143 0 2
127 143 3 5
127 143 6 8
127 143 9 11
127 143 12 14
127 143 15 17
137 139 0 2
137 139 3 5
137 139 6 8
137 139 9 11
137 139 12 14
137 139 15 17
140 135 0 2
140 135 3 5
140 135 6 8
140 135 9 11
140 135 12 14
140 135 15 17
132 143 0 2
132 143 3 5
132 143 6 8
132 143 9 11
132 143 12 14
132 143 15 17
142 134 0 2
142 134 3 5
142 134 6 8
142 134 9 11
142 134 12 14
142 134 15 17
142 143 0 2
142 143 3 5
142 143 6 8
142 143 9 11
142 143 12 14
142 143 15 17
140 139 0 2
140 139 3 5
140 139 6 8
140 139 9 11
140 139 12 14
140 139 15 17