2 1 1 3
2 1 4 6
2 1 7 9
2 1 10 12
2 1 13 15
2 1 16 18
3 1 1 3
3 1 4 6
3 1 7 9
3 1 10 12
3 1 13 15
3 1 16 18
2 4 1 3
2 4 4 6
2 4 7 9
2 4 10 12
2 4 13 15
2 4 16 18
3 6 1 3
3 6 4 6
3 6 7 9
3 6 10 12
3 6 13 15
3 6 16 18
9 1 1 3
9 1 4 6
9 1 7 9
9 1 10 12
9 1 13 15
9 1 16 18
10 4 1 3
10 4 4 6
10 4 7 9
10 4 10 12
10 4 13 15
10 4 16 18
2 11 1 3
2 11 4 6
2 11 7 9
2 11 10 12
2 11 13 15
2 11 16 18
10 6 1 3
10 6 4 6
10 6 7 9
10 6 10 12
10 6 13 15
10 6 16 18
3 13 1 3
3 13 4 6
3 13 7 9
3 13 10 12
3 13 13 15
3 13 16 18
14 4 1 3
14 4 4 6
14 4 7 9
14 4 10 12
14 4 13 15
14 4 16 18
9 15 1 3
9 15 4 6
9 15 7 9
9 15 10 12
9 15 13 15
9 15 16 18
17 11 1 3
17 11 4 6
17 11 7 9
17 11 10 12
17 11 13 15
17 11 16 18
18 6 1 3
18 6 4 6
18 6 7 9
18 6 10 12
18 6 13 15
18 6 16 18
9 19 1 3
9 19 4 6
9 19 7 9
9 19 10 12
9 19 13 15
9 19 16 18
21 13 1 3
21 13 4 6
21 13 7 9
21 13 10 12
21 13 13 15
21 13 16 18
14 22 1 3
14 22 4 6
14 22 7 9
14 22 10 12
14 22 13 15
14 22 16 18
24 11 1 3
24 11 4 6
24 11 7 9
24 11 10 12
24 11 13 15
24 11 16 18
17 15 1 3
17 15 4 6
17 15 7 9
17 15 10 12
17 15 13 15
17 15 16 18
10 25 1 3
10 25 4 6
10 25 7 9
10 25 10 12
10 25 13 15
10 25 16 18
18 27 1 3
18 27 4 6
18 27 7 9
18 27 10 12
18 27 13 15
18 27 16 18
28 13 1 3
28 13 4 6
28 13 7 9
28 13 10 12
28 13 13 15
28 13 16 18
21 19 1 3
21 19 4 6
21 19 7 9
21 19 10 12
21 19 13 15
21 19 16 18
31 15 1 3
31 15 4 6
31 15 7 9
31 15 10 12
31 15 13 15
31 15 16 18
24 22 1 3
24 22 4 6
24 22 7 9
24 22 10 12
24 22 13 15
24 22 16 18
14 32 1 3
14 32 4 6
14 32 7 9
14 32 10 12
14 32 13 15
14 32 16 18
34 25 1 3
34 25 4 6
34 25 7 9
34 25 10 12
34 25 13 15
34 25 16 18
17 35 1 3
17 35 4 6
17 35 7 9
17 35 10 12
17 35 13 15
17 35 16 18
37 19 1 3
37 19 4 6
37 19 7 9
37 19 10 12
37 19 13 15
37 19 16 18
28 27 1 3
28 27 4 6
28 27 7 9
28 27 10 12
28 27 13 15
28 27 16 18
18 38 1 3
18 38 4 6
18 38 7 9
18 38 10 12
18 38 13 15
18 38 16 18
40 25 1 3
40 25 4 6
40 25 7 9
40 25 10 12
40 25 13 15
40 25 16 18
21 41 1 3
21 41 4 6
21 41 7 9
21 41 10 12
21 41 13 15
21 41 16 18
42 22 1 3
42 22 4 6
42 22 7 9
42 22 10 12
42 22 13 15
42 22 16 18
31 43 1 3
31 43 4 6
31 43 7 9
31 43 10 12
31 43 13 15
31 43 16 18
24 45 1 3
24 45 4 6
24 45 7 9
24 45 10 12
24 45 13 15
24 45 16 18
34 32 1 3
34 32 4 6
34 32 7 9
34 32 10 12
34 32 13 15
34 32 16 18
47 35 1 3
47 35 4 6
47 35 7 9
47 35 10 12
47 35 13 15
47 35 16 18
48 27 1 3
48 27 4 6
48 27 7 9
48 27 10 12
48 27 13 15
48 27 16 18
37 43 1 3
37 43 4 6
37 43 7 9
37 43 10 12
37 43 13 15
37 43 16 18
28 50 1 3
28 50 4 6
28 50 7 9
28 50 10 12
28 50 13 15
28 50 16 18
40 38 1 3
40 38 4 6
40 38 7 9
40 38 10 12
40 38 13 15
40 38 16 18
51 41 1 3
51 41 4 6
51 41 7 9
51 41 10 12
51 41 13 15
51 41 16 18
42 52 1 3
42 52 4 6
42 52 7 9
42 52 10 12
42 52 13 15
42 52 16 18
54 32 1 3
54 32 4 6
54 32 7 9
54 32 10 12
54 32 13 15
54 32 16 18
31 55 1 3
31 55 4 6
31 55 7 9
31 55 10 12
31 55 13 15
31 55 16 18
57 35 1 3
57 35 4 6
57 35 7 9
57 35 10 12
57 35 13 15
57 35 16 18
47 45 1 3
47 45 4 6
47 45 7 9
47 45 10 12
47 45 13 15
47 45 16 18
34 58 1 3
34 58 4 6
34 58 7 9
34 58 10 12
34 58 13 15
34 58 16 18
48 60 1 3
48 60 4 6
48 60 7 9
48 60 10 12
48 60 13 15
48 60 16 18
62 38 1 3
62 38 4 6
62 38 7 9
62 38 10 12
62 38 13 15
62 38 16 18
37 63 1 3
37 63 4 6
37 63 7 9
37 63 10 12
37 63 13 15
37 63 16 18
65 41 1 3
65 41 4 6
65 41 7 9
65 41 10 12
65 41 13 15
65 41 16 18
51 50 1 3
51 50 4 6
51 50 7 9
51 50 10 12
51 50 13 15
51 50 16 18
40 66 1 3
40 66 4 6
40 66 7 9
40 66 10 12
40 66 13 15
40 66 16 18
68 43 1 3
68 43 4 6
68 43 7 9
68 43 10 12
68 43 13 15
68 43 16 18
42 69 1 3
42 69 4 6
42 69 7 9
42 69 10 12
42 69 13 15
42 69 16 18
54 52 1 3
54 52 4 6
54 52 7 9
54 52 10 12
54 52 13 15
54 52 16 18
70 45 1 3
70 45 4 6
70 45 7 9
70 45 10 12
70 45 13 15
70 45 16 18
57 55 1 3
57 55 4 6
57 55 7 9
57 55 10 12
57 55 13 15
57 55 16 18
68 58 1 3
68 58 4 6
68 58 7 9
68 58 10 12
68 58 13 15
68 58 16 18
47 60 1 3
47 60 4 6
47 60 7 9
47 60 10 12
47 60 13 15
47 60 16 18
48 72 1 3
48 72 4 6
48 72 7 9
48 72 10 12
48 72 13 15
48 72 16 18
62 60 1 3
62 60 4 6
62 60 7 9
62 60 10 12
62 60 13 15
62 60 16 18
73 50 1 3
73 50 4 6
73 50 7 9
73 50 10 12
73 50 13 15
73 50 16 18
65 63 1 3
65 63 4 6
65 63 7 9
65 63 10 12
65 63 13 15
65 63 16 18
68 66 1 3
68 66 4 6
68 66 7 9
68 66 10 12
68 66 13 15
68 66 16 18
51 52 1 3
51 52 4 6
51 52 7 9
51 52 10 12
51 52 13 15
51 52 16 18
75 55 1 3
75 55 4 6
75 55 7 9
75 55 10 12
75 55 13 15
75 55 16 18
70 69 1 3
70 69 4 6
70 69 7 9
70 69 10 12
70 69 13 15
70 69 16 18
54 76 1 3
54 76 4 6
54 76 7 9
54 76 10 12
54 76 13 15
54 76 16 18
75 58 1 3
75 58 4 6
75 58 7 9
75 58 10 12
75 58 13 15
75 58 16 18
57 72 1 3
57 72 4 6
57 72 7 9
57 72 10 12
57 72 13 15
57 72 16 18
78 63 1 3
78 63 4 6
78 63 7 9
78 63 10 12
78 63 13 15
78 63 16 18
73 72 1 3
73 72 4 6
73 72 7 9
73 72 10 12
73 72 13 15
73 72 16 18
62 79 1 3
62 79 4 6
62 79 7 9
62 79 10 12
62 79 13 15
62 79 16 18
78 66 1 3
78 66 4 6
78 66 7 9
78 66 10 12
78 66 13 15
78 66 16 18
65 69 1 3
65 69 4 6
65 69 7 9
65 69 10 12
65 69 13 15
65 69 16 18
70 79 1 3
70 79 4 6
70 79 7 9
70 79 10 12
70 79 13 15
70 79 16 18
75 76 1 3
75 76 4 6
75 76 7 9
75 76 10 12
75 76 13 15
75 76 16 18
73 76 1 3
73 76 4 6
73 76 7 9
73 76 10 12
73 76 13 15
73 76 16 18
78 79 1 3
78 79 4 6
78 79 7 9
78 79 10 12
78 79 13 15
78 79 16 18
0 2 2 4
0 2 5 7
0 2 8 10
0 2 11 13
0 2 14 16
0 2 17 19
0 3 2 4
0 3 5 7
0 3 8 10
0 3 11 13
0 3 14 16
0 3 17 19
5 2 2 4
5 2 5 7
5 2 8 10
5 2 11 13
5 2 14 16
5 2 17 19
7 3 2 4
7 3 5 7
7 3 8 10
7 3 11 13
7 3 14 16
7 3 17 19
8 2 2 4
8 2 5 7
8 2 8 10
8 2 11 13
8 2 14 16
8 2 17 19
5 9 2 4
5 9 5 7
5 9 8 10
5 9 11 13
5 9 14 16
5 9 17 19
0 10 2 4
0 10 5 7
0 10 8 10
0 10 11 13
0 10 14 16
0 10 17 19
12 3 2 4
12 3 5 7
12 3 8 10
12 3 11 13
12 3 14 16
12 3 17 19
7 9 2 4
7 9 5 7
7 9 8 10
7 9 11 13
7 9 14 16
7 9 17 19
8 14 2 4
8 14 5 7
8 14 8 10
8 14 11 13
8 14 14 16
8 14 17 19
16 10 2 4
16 10 5 7
16 10 8 10
16 10 11 13
16 10 14 16
16 10 17 19
5 17 2 4
5 17 5 7
5 17 8 10
5 17 11 13
5 17 14 16
5 17 17 19
12 18 2 4
12 18 5 7
12 18 8 10
12 18 11 13
12 18 14 16
12 18 17 19
20 10 2 4
20 10 5 7
20 10 8 10
20 10 11 13
20 10 14 16
20 10 17 19
7 21 2 4
7 21 5 7
7 21 8 10
7 21 11 13
7 21 14 16
7 21 17 19
23 9 2 4
23 9 5 7
23 9 8 10
23 9 11 13
23 9 14 16
23 9 17 19
8 24 2 4
8 24 5 7
8 24 8 10
8 24 11 13
8 24 14 16
8 24 17 19
16 14 2 4
16 14 5 7
16 14 8 10
16 14 11 13
16 14 14 16
16 14 17 19
26 17 2 4
26 17 5 7
26 17 8 10
26 17 11 13
26 17 14 16
26 17 17 19
12 28 2 4
12 28 5 7
12 28 8 10
12 28 11 13
12 28 14 16
12 28 17 19
20 18 2 4
20 18 5 7
20 18 8 10
20 18 11 13
20 18 14 16
20 18 17 19
29 21 2 4
29 21 5 7
29 21 8 10
29 21 11 13
29 21 14 16
29 21 17 19
30 14 2 4
30 14 5 7
30 14 8 10
30 14 11 13
30 14 14 16
30 14 17 19
23 31 2 4
23 31 5 7
23 31 8 10
23 31 11 13
23 31 14 16
23 31 17 19
33 17 2 4
33 17 5 7
33 17 8 10
33 17 11 13
33 17 14 16
33 17 17 19
26 24 2 4
26 24 5 7
26 24 8 10
26 24 11 13
26 24 14 16
26 24 17 19
16 34 2 4
16 34 5 7
16 34 8 10
16 34 11 13
16 34 14 16
16 34 17 19
36 18 2 4
36 18 5 7
36 18 8 10
36 18 11 13
36 18 14 16
36 18 17 19
23 37 2 4
23 37 5 7
23 37 8 10
23 37 11 13
23 37 14 16
23 37 17 19
39 21 2 4
39 21 5 7
39 21 8 10
39 21 11 13
39 21 14 16
39 21 17 19
29 28 2 4
29 28 5 7
29 28 8 10
29 28 11 13
29 28 14 16
29 28 17 19
20 40 2 4
20 40 5 7
20 40 8 10
20 40 11 13
20 40 14 16
20 40 17 19
30 42 2 4
30 42 5 7
30 42 8 10
30 42 11 13
30 42 14 16
30 42 17 19
44 24 2 4
44 24 5 7
44 24 8 10
44 24 11 13
44 24 14 16
44 24 17 19
33 31 2 4
33 31 5 7
33 31 8 10
33 31 11 13
33 31 14 16
33 31 17 19
46 34 2 4
46 34 5 7
46 34 8 10
46 34 11 13
46 34 14 16
46 34 17 19
26 47 2 4
26 47 5 7
26 47 8 10
26 47 11 13
26 47 14 16
26 47 17 19
36 48 2 4
36 48 5 7
36 48 8 10
36 48 11 13
36 48 14 16
36 48 17 19
49 28 2 4
49 28 5 7
49 28 8 10
49 28 11 13
49 28 14 16
49 28 17 19
39 37 2 4
39 37 5 7
39 37 8 10
39 37 11 13
39 37 14 16
39 37 17 19
46 40 2 4
46 40 5 7
46 40 8 10
46 40 11 13
46 40 14 16
46 40 17 19
29 51 2 4
29 51 5 7
29 51 8 10
29 51 11 13
29 51 14 16
29 51 17 19
53 31 2 4
53 31 5 7
53 31 8 10
53 31 11 13
53 31 14 16
53 31 17 19
44 42 2 4
44 42 5 7
44 42 8 10
44 42 11 13
44 42 14 16
44 42 17 19
30 54 2 4
30 54 5 7
30 54 8 10
30 54 11 13
30 54 14 16
30 54 17 19
56 34 2 4
56 34 5 7
56 34 8 10
56 34 11 13
56 34 14 16
56 34 17 19
33 57 2 4
33 57 5 7
33 57 8 10
33 57 11 13
33 57 14 16
33 57 17 19
59 47 2 4
59 47 5 7
59 47 8 10
59 47 11 13
59 47 14 16
59 47 17 19
61 37 2 4
61 37 5 7
61 37 8 10
61 37 11 13
61 37 14 16
61 37 17 19
49 48 2 4
49 48 5 7
49 48 8 10
49 48 11 13
49 48 14 16
49 48 17 19
36 62 2 4
36 62 5 7
36 62 8 10
36 62 11 13
36 62 14 16
36 62 17 19
64 40 2 4
64 40 5 7
64 40 8 10
64 40 11 13
64 40 14 16
64 40 17 19
39 65 2 4
39 65 5 7
39 65 8 10
39 65 11 13
39 65 14 16
39 65 17 19
67 51 2 4
67 51 5 7
67 51 8 10
67 51 11 13
67 51 14 16
67 51 17 19
67 42 2 4
67 42 5 7
67 42 8 10
67 42 11 13
67 42 14 16
67 42 17 19
53 68 2 4
53 68 5 7
53 68 8 10
53 68 11 13
53 68 14 16
53 68 17 19
44 70 2 4
44 70 5 7
44 70 8 10
44 70 11 13
44 70 14 16
44 70 17 19
56 54 2 4
56 54 5 7
56 54 8 10
56 54 11 13
56 54 14 16
56 54 17 19
71 47 2 4
71 47 5 7
71 47 8 10
71 47 11 13
71 47 14 16
71 47 17 19
59 57 2 4
59 57 5 7
59 57 8 10
59 57 11 13
59 57 14 16
59 57 17 19
46 68 2 4
46 68 5 7
46 68 8 10
46 68 11 13
46 68 14 16
46 68 17 19
59 48 2 4
59 48 5 7
59 48 8 10
59 48 11 13
59 48 14 16
59 48 17 19
61 68 2 4
61 68 5 7
61 68 8 10
61 68 11 13
61 68 14 16
61 68 17 19
49 73 2 4
49 73 5 7
49 73 8 10
49 73 11 13
49 73 14 16
49 73 17 19
64 62 2 4
64 62 5 7
64 62 8 10
64 62 11 13
64 62 14 16
64 62 17 19
74 51 2 4
74 51 5 7
74 51 8 10
74 51 11 13
74 51 14 16
74 51 17 19
67 65 2 4
67 65 5 7
67 65 8 10
67 65 11 13
67 65 14 16
67 65 17 19
74 54 2 4
74 54 5 7
74 54 8 10
74 54 11 13
74 54 14 16
74 54 17 19
53 75 2 4
53 75 5 7
53 75 8 10
53 75 11 13
53 75 14 16
53 75 17 19
77 57 2 4
77 57 5 7
77 57 8 10
77 57 11 13
77 57 14 16
77 57 17 19
71 70 2 4
71 70 5 7
71 70 8 10
71 70 11 13
71 70 14 16
71 70 17 19
56 75 2 4
56 75 5 7
56 75 8 10
56 75 11 13
56 75 14 16
56 75 17 19
71 62 2 4
71 62 5 7
71 62 8 10
71 62 11 13
71 62 14 16
71 62 17 19
61 78 2 4
61 78 5 7
61 78 8 10
61 78 11 13
61 78 14 16
61 78 17 19
80 65 2 4
80 65 5 7
80 65 8 10
80 65 11 13
80 65 14 16
80 65 17 19
74 73 2 4
74 73 5 7
74 73 8 10
74 73 11 13
74 73 14 16
74 73 17 19
64 78 2 4
64 78 5 7
64 78 8 10
64 78 11 13
64 78 14 16
64 78 17 19
80 70 2 4
80 70 5 7
80 70 8 10
80 70 11 13
80 70 14 16
80 70 17 19
77 75 2 4
77 75 5 7
77 75 8 10
77 75 11 13
77 75 14 16
77 75 17 19
77 73 2 4
77 73 5 7
77 73 8 10
77 73 11 13
77 73 14 16
77 73 17 19
80 78 2 4
80 78 5 7
80 78 8 10
80 78 11 13
80 78 14 16
80 78 17 19
1 0 0 2
1 0 3 5
1 0 6 8
1 0 9 11
1 0 12 14
1 0 15 17
4 0 0 2
4 0 3 5
4 0 6 8
4 0 9 11
4 0 12 14
4 0 15 17
1 5 0 2
1 5 3 5
1 5 6 8
1 5 9 11
1 5 12 14
1 5 15 17
6 0 0 2
6 0 3 5
6 0 6 8
6 0 9 11
6 0 12 14
6 0 15 17
1 7 0 2
1 7 3 5
1 7 6 8
1 7 9 11
1 7 12 14
1 7 15 17
4 8 0 2
4 8 3 5
4 8 6 8
4 8 9 11
4 8 12 14
4 8 15 17
11 5 0 2
11 5 3 5
11 5 6 8
11 5 9 11
11 5 12 14
11 5 15 17
6 12 0 2
6 12 3 5
6 12 6 8
6 12 9 11
6 12 12 14
6 12 15 17
13 7 0 2
13 7 3 5
13 7 6 8
13 7 9 11
13 7 12 14
13 7 15 17
15 5 0 2
15 5 3 5
15 5 6 8
15 5 9 11
15 5 12 14
15 5 15 17
11 8 0 2
11 8 3 5
11 8 6 8
11 8 9 11
11 8 12 14
11 8 15 17
4 16 0 2
4 16 3 5
4 16 6 8
4 16 9 11
4 16 12 14
4 16 15 17
19 7 0 2
19 7 3 5
19 7 6 8
19 7 9 11
19 7 12 14
19 7 15 17
13 12 0 2
13 12 3 5
13 12 6 8
13 12 9 11
13 12 12 14
13 12 15 17
6 20 0 2
6 20 3 5
6 20 6 8
6 20 9 11
6 20 12 14
6 20 15 17
22 8 0 2
22 8 3 5
22 8 6 8
22 8 9 11
22 8 12 14
22 8 15 17
15 23 0 2
15 23 3 5
15 23 6 8
15 23 9 11
15 23 12 14
15 23 15 17
25 16 0 2
25 16 3 5
25 16 6 8
25 16 9 11
25 16 12 14
25 16 15 17
11 26 0 2
11 26 3 5
11 26 6 8
11 26 9 11
11 26 12 14
11 26 15 17
27 12 0 2
27 12 3 5
27 12 6 8
27 12 9 11
27 12 12 14
27 12 15 17
19 23 0 2
19 23 3 5
19 23 6 8
19 23 9 11
19 23 12 14
19 23 15 17
25 20 0 2
25 20 3 5
25 20 6 8
25 20 9 11
25 20 12 14
25 20 15 17
13 29 0 2
13 29 3 5
13 29 6 8
13 29 9 11
13 29 12 14
13 29 15 17
22 30 0 2
22 30 3 5
22 30 6 8
22 30 9 11
22 30 12 14
22 30 15 17
32 16 0 2
32 16 3 5
32 16 6 8
32 16 9 11
32 16 12 14
32 16 15 17
15 33 0 2
15 33 3 5
15 33 6 8
15 33 9 11
15 33 12 14
15 33 15 17
35 26 0 2
35 26 3 5
35 26 6 8
35 26 9 11
35 26 12 14
35 26 15 17
27 36 0 2
27 36 3 5
27 36 6 8
27 36 9 11
27 36 12 14
27 36 15 17
38 20 0 2
38 20 3 5
38 20 6 8
38 20 9 11
38 20 12 14
38 20 15 17
19 39 0 2
19 39 3 5
19 39 6 8
19 39 9 11
19 39 12 14
19 39 15 17
41 29 0 2
41 29 3 5
41 29 6 8
41 29 9 11
41 29 12 14
41 29 15 17
43 23 0 2
43 23 3 5
43 23 6 8
43 23 9 11
43 23 12 14
43 23 15 17
22 44 0 2
22 44 3 5
22 44 6 8
22 44 9 11
22 44 12 14
22 44 15 17
32 30 0 2
32 30 3 5
32 30 6 8
32 30 9 11
32 30 12 14
32 30 15 17
45 26 0 2
45 26 3 5
45 26 6 8
45 26 9 11
45 26 12 14
45 26 15 17
35 33 0 2
35 33 3 5
35 33 6 8
35 33 9 11
35 33 12 14
35 33 15 17
25 46 0 2
25 46 3 5
25 46 6 8
25 46 9 11
25 46 12 14
25 46 15 17
27 49 0 2
27 49 3 5
27 49 6 8
27 49 9 11
27 49 12 14
27 49 15 17
38 36 0 2
38 36 3 5
38 36 6 8
38 36 9 11
38 36 12 14
38 36 15 17
50 29 0 2
50 29 3 5
50 29 6 8
50 29 9 11
50 29 12 14
50 29 15 17
41 39 0 2
41 39 3 5
41 39 6 8
41 39 9 11
41 39 12 14
41 39 15 17
52 30 0 2
52 30 3 5
52 30 6 8
52 30 9 11
52 30 12 14
52 30 15 17
43 53 0 2
43 53 3 5
43 53 6 8
43 53 9 11
43 53 12 14
43 53 15 17
55 33 0 2
55 33 3 5
55 33 6 8
55 33 9 11
55 33 12 14
55 33 15 17
45 44 0 2
45 44 3 5
45 44 6 8
45 44 9 11
45 44 12 14
45 44 15 17
32 56 0 2
32 56 3 5
32 56 6 8
32 56 9 11
32 56 12 14
32 56 15 17
58 46 0 2
58 46 3 5
58 46 6 8
58 46 9 11
58 46 12 14
58 46 15 17
35 59 0 2
35 59 3 5
35 59 6 8
35 59 9 11
35 59 12 14
35 59 15 17
60 36 0 2
60 36 3 5
60 36 6 8
60 36 9 11
60 36 12 14
60 36 15 17
43 61 0 2
43 61 3 5
43 61 6 8
43 61 9 11
43 61 12 14
43 61 15 17
63 39 0 2
63 39 3 5
63 39 6 8
63 39 9 11
63 39 12 14
63 39 15 17
50 49 0 2
50 49 3 5
50 49 6 8
50 49 9 11
50 49 12 14
50 49 15 17
38 64 0 2
38 64 3 5
38 64 6 8
38 64 9 11
38 64 12 14
38 64 15 17
66 46 0 2
66 46 3 5
66 46 6 8
66 46 9 11
66 46 12 14
66 46 15 17
41 67 0 2
41 67 3 5
41 67 6 8
41 67 9 11
41 67 12 14
41 67 15 17
52 67 0 2
52 67 3 5
52 67 6 8
52 67 9 11
52 67 12 14
52 67 15 17
69 44 0 2
69 44 3 5
69 44 6 8
69 44 9 11
69 44 12 14
69 44 15 17
55 53 0 2
55 53 3 5
55 53 6 8
55 53 9 11
55 53 12 14
55 53 15 17
45 71 0 2
45 71 3 5
45 71 6 8
45 71 9 11
45 71 12 14
45 71 15 17
58 56 0 2
58 56 3 5
58 56 6 8
58 56 9 11
58 56 12 14
58 56 15 17
60 59 0 2
60 59 3 5
60 59 6 8
60 59 9 11
60 59 12 14
60 59 15 17
72 49 0 2
72 49 3 5
72 49 6 8
72 49 9 11
72 49 12 14
72 49 15 17
63 61 0 2
63 61 3 5
63 61 6 8
63 61 9 11
63 61 12 14
63 61 15 17
50 74 0 2
50 74 3 5
50 74 6 8
50 74 9 11
50 74 12 14
50 74 15 17
66 64 0 2
66 64 3 5
66 64 6 8
66 64 9 11
66 64 12 14
66 64 15 17
58 53 0 2
58 53 3 5
58 53 6 8
58 53 9 11
58 53 12 14
58 53 15 17
69 67 0 2
69 67 3 5
69 67 6 8
69 67 9 11
69 67 12 14
69 67 15 17
52 74 0 2
52 74 3 5
52 74 6 8
52 74 9 11
52 74 12 14
52 74 15 17
76 56 0 2
76 56 3 5
76 56 6 8
76 56 9 11
76 56 12 14
76 56 15 17
55 77 0 2
55 77 3 5
55 77 6 8
55 77 9 11
55 77 12 14
55 77 15 17
72 59 0 2
72 59 3 5
72 59 6 8
72 59 9 11
72 59 12 14
72 59 15 17
60 71 0 2
60 71 3 5
60 71 6 8
60 71 9 11
60 71 12 14
60 71 15 17
66 61 0 2
66 61 3 5
66 61 6 8
66 61 9 11
66 61 12 14
66 61 15 17
79 64 0 2
79 64 3 5
79 64 6 8
79 64 9 11
79 64 12 14
79 64 15 17
63 80 0 2
63 80 3 5
63 80 6 8
63 80 9 11
63 80 12 14
63 80 15 17
69 80 0 2
69 80 3 5
69 80 6 8
69 80 9 11
69 80 12 14
69 80 15 17
76 74 0 2
76 74 3 5
76 74 6 8
76 74 9 11
76 74 12 14
76 74 15 17
79 71 0 2
79 71 3 5
79 71 6 8
79 71 9 11
79 71 12 14
79 71 15 17
72 77 0 2
72 77 3 5
72 77 6 8
72 77 9 11
72 77 12 14
72 77 15 17
76 77 0 2
76 77 3 5
76 77 6 8
76 77 9 11
76 77 12 14
76 77 15 17
79 80 0 2
79 80 3 5
79 80 6 8
79 80 9 11
79 80 12 14
79 80 15 17