2 1 1 3
2 1 4 6
2 1 7 9
2 1 10 12
2 1 13 15
2 1 16 18
3 1 1 3
3 1 4 6
3 1 7 9
3 1 10 12
3 1 13 15
3 1 16 18
2 5 1 3
2 5 4 6
2 5 7 9
2 5 10 12
2 5 13 15
2 5 16 18
3 6 1 3
3 6 4 6
3 6 7 9
3 6 10 12
3 6 13 15
3 6 16 18
8 1 1 3
8 1 4 6
8 1 7 9
8 1 10 12
8 1 13 15
8 1 16 18
2 10 1 3
2 10 4 6
2 10 7 9
2 10 10 12
2 10 13 15
2 10 16 18
11 5 1 3
11 5 4 6
11 5 7 9
11 5 10 12
11 5 13 15
11 5 16 18
11 6 1 3
11 6 4 6
11 6 7 9
11 6 10 12
11 6 13 15
11 6 16 18
3 12 1 3
3 12 4 6
3 12 7 9
3 12 10 12
3 12 13 15
3 12 16 18
14 10 1 3
14 10 4 6
14 10 7 9
14 10 10 12
14 10 13 15
14 10 16 18
8 16 1 3
8 16 4 6
8 16 7 9
8 16 10 12
8 16 13 15
8 16 16 18
17 5 1 3
17 5 4 6
17 5 7 9
17 5 10 12
17 5 13 15
17 5 16 18
18 6 1 3
18 6 4 6
18 6 7 9
18 6 10 12
18 6 13 15
18 6 16 18
8 19 1 3
8 19 4 6
8 19 7 9
8 19 10 12
8 19 13 15
8 19 16 18
21 12 1 3
21 12 4 6
21 12 7 9
21 12 10 12
21 12 13 15
21 12 16 18
14 16 1 3
14 16 4 6
14 16 7 9
14 16 10 12
14 16 13 15
14 16 16 18
17 23 1 3
17 23 4 6
17 23 7 9
17 23 10 12
17 23 13 15
17 23 16 18
24 10 1 3
24 10 4 6
24 10 7 9
24 10 10 12
24 10 13 15
24 10 16 18
11 26 1 3
11 26 4 6
11 26 7 9
11 26 10 12
11 26 13 15
11 26 16 18
21 19 1 3
21 19 4 6
21 19 7 9
21 19 10 12
21 19 13 15
21 19 16 18
28 12 1 3
28 12 4 6
28 12 7 9
28 12 10 12
28 12 13 15
28 12 16 18
18 29 1 3
18 29 4 6
18 29 7 9
18 29 10 12
18 29 13 15
18 29 16 18
24 23 1 3
24 23 4 6
24 23 7 9
24 23 10 12
24 23 13 15
24 23 16 18
14 30 1 3
14 30 4 6
14 30 7 9
14 30 10 12
14 30 13 15
14 30 16 18
31 26 1 3
31 26 4 6
31 26 7 9
31 26 10 12
31 26 13 15
31 26 16 18
17 33 1 3
17 33 4 6
17 33 7 9
17 33 10 12
17 33 13 15
17 33 16 18
34 16 1 3
34 16 4 6
34 16 7 9
34 16 10 12
34 16 13 15
34 16 16 18
28 29 1 3
28 29 4 6
28 29 7 9
28 29 10 12
28 29 13 15
28 29 16 18
37 19 1 3
37 19 4 6
37 19 7 9
37 19 10 12
37 19 13 15
37 19 16 18
18 38 1 3
18 38 4 6
18 38 7 9
18 38 10 12
18 38 13 15
18 38 16 18
40 26 1 3
40 26 4 6
40 26 7 9
40 26 10 12
40 26 13 15
40 26 16 18
21 41 1 3
21 41 4 6
21 41 7 9
21 41 10 12
21 41 13 15
21 41 16 18
31 33 1 3
31 33 4 6
31 33 7 9
31 33 10 12
31 33 13 15
31 33 16 18
34 42 1 3
34 42 4 6
34 42 7 9
34 42 10 12
34 42 13 15
34 42 16 18
43 23 1 3
43 23 4 6
43 23 7 9
43 23 10 12
43 23 13 15
43 23 16 18
24 45 1 3
24 45 4 6
24 45 7 9
24 45 10 12
24 45 13 15
24 45 16 18
46 30 1 3
46 30 4 6
46 30 7 9
46 30 10 12
46 30 13 15
46 30 16 18
40 38 1 3
40 38 4 6
40 38 7 9
40 38 10 12
40 38 13 15
40 38 16 18
48 41 1 3
48 41 4 6
48 41 7 9
48 41 10 12
48 41 13 15
48 41 16 18
28 49 1 3
28 49 4 6
28 49 7 9
28 49 10 12
28 49 13 15
28 49 16 18
51 29 1 3
51 29 4 6
51 29 7 9
51 29 10 12
51 29 13 15
51 29 16 18
37 42 1 3
37 42 4 6
37 42 7 9
37 42 10 12
37 42 13 15
37 42 16 18
46 45 1 3
46 45 4 6
46 45 7 9
46 45 10 12
46 45 13 15
46 45 16 18
31 53 1 3
31 53 4 6
31 53 7 9
31 53 10 12
31 53 13 15
31 53 16 18
54 30 1 3
54 30 4 6
54 30 7 9
54 30 10 12
54 30 13 15
54 30 16 18
34 56 1 3
34 56 4 6
34 56 7 9
34 56 10 12
34 56 13 15
34 56 16 18
57 33 1 3
57 33 4 6
57 33 7 9
57 33 10 12
57 33 13 15
57 33 16 18
43 59 1 3
43 59 4 6
43 59 7 9
43 59 10 12
43 59 13 15
43 59 16 18
48 49 1 3
48 49 4 6
48 49 7 9
48 49 10 12
48 49 13 15
48 49 16 18
51 60 1 3
51 60 4 6
51 60 7 9
51 60 10 12
51 60 13 15
51 60 16 18
62 38 1 3
62 38 4 6
62 38 7 9
62 38 10 12
62 38 13 15
62 38 16 18
37 63 1 3
37 63 4 6
37 63 7 9
37 63 10 12
37 63 13 15
37 63 16 18
65 41 1 3
65 41 4 6
65 41 7 9
65 41 10 12
65 41 13 15
65 41 16 18
40 66 1 3
40 66 4 6
40 66 7 9
40 66 10 12
40 66 13 15
40 66 16 18
54 56 1 3
54 56 4 6
54 56 7 9
54 56 10 12
54 56 13 15
54 56 16 18
57 59 1 3
57 59 4 6
57 59 7 9
57 59 10 12
57 59 13 15
57 59 16 18
68 42 1 3
68 42 4 6
68 42 7 9
68 42 10 12
68 42 13 15
68 42 16 18
43 70 1 3
43 70 4 6
43 70 7 9
43 70 10 12
43 70 13 15
43 70 16 18
71 45 1 3
71 45 4 6
71 45 7 9
71 45 10 12
71 45 13 15
71 45 16 18
46 73 1 3
46 73 4 6
46 73 7 9
46 73 10 12
46 73 13 15
46 73 16 18
74 53 1 3
74 53 4 6
74 53 7 9
74 53 10 12
74 53 13 15
74 53 16 18
62 60 1 3
62 60 4 6
62 60 7 9
62 60 10 12
62 60 13 15
62 60 16 18
65 63 1 3
65 63 4 6
65 63 7 9
65 63 10 12
65 63 13 15
65 63 16 18
74 66 1 3
74 66 4 6
74 66 7 9
74 66 10 12
74 66 13 15
74 66 16 18
48 75 1 3
48 75 4 6
48 75 7 9
48 75 10 12
48 75 13 15
48 75 16 18
77 49 1 3
77 49 4 6
77 49 7 9
77 49 10 12
77 49 13 15
77 49 16 18
51 78 1 3
51 78 4 6
51 78 7 9
51 78 10 12
51 78 13 15
51 78 16 18
71 70 1 3
71 70 4 6
71 70 7 9
71 70 10 12
71 70 13 15
71 70 16 18
80 73 1 3
80 73 4 6
80 73 7 9
80 73 10 12
80 73 13 15
80 73 16 18
54 82 1 3
54 82 4 6
54 82 7 9
54 82 10 12
54 82 13 15
54 82 16 18
83 53 1 3
83 53 4 6
83 53 7 9
83 53 10 12
83 53 13 15
83 53 16 18
57 85 1 3
57 85 4 6
57 85 7 9
57 85 10 12
57 85 13 15
57 85 16 18
86 56 1 3
86 56 4 6
86 56 7 9
86 56 10 12
86 56 13 15
86 56 16 18
68 88 1 3
68 88 4 6
68 88 7 9
68 88 10 12
68 88 13 15
68 88 16 18
89 59 1 3
89 59 4 6
89 59 7 9
89 59 10 12
89 59 13 15
89 59 16 18
77 78 1 3
77 78 4 6
77 78 7 9
77 78 10 12
77 78 13 15
77 78 16 18
90 60 1 3
90 60 4 6
90 60 7 9
90 60 10 12
90 60 13 15
90 60 16 18
68 91 1 3
68 91 4 6
68 91 7 9
68 91 10 12
68 91 13 15
68 91 16 18
93 63 1 3
93 63 4 6
93 63 7 9
93 63 10 12
93 63 13 15
93 63 16 18
62 94 1 3
62 94 4 6
62 94 7 9
62 94 10 12
62 94 13 15
62 94 16 18
96 66 1 3
96 66 4 6
96 66 7 9
96 66 10 12
96 66 13 15
96 66 16 18
65 97 1 3
65 97 4 6
65 97 7 9
65 97 10 12
65 97 13 15
65 97 16 18
99 75 1 3
99 75 4 6
99 75 7 9
99 75 10 12
99 75 13 15
99 75 16 18
80 82 1 3
80 82 4 6
80 82 7 9
80 82 10 12
80 82 13 15
80 82 16 18
83 85 1 3
83 85 4 6
83 85 7 9
83 85 10 12
83 85 13 15
83 85 16 18
86 88 1 3
86 88 4 6
86 88 7 9
86 88 10 12
86 88 13 15
86 88 16 18
89 101 1 3
89 101 4 6
89 101 7 9
89 101 10 12
89 101 13 15
89 101 16 18
102 70 1 3
102 70 4 6
102 70 7 9
102 70 10 12
102 70 13 15
102 70 16 18
71 104 1 3
71 104 4 6
71 104 7 9
71 104 10 12
71 104 13 15
71 104 16 18
105 73 1 3
105 73 4 6
105 73 7 9
105 73 10 12
105 73 13 15
105 73 16 18
74 107 1 3
74 107 4 6
74 107 7 9
74 107 10 12
74 107 13 15
74 107 16 18
93 91 1 3
93 91 4 6
93 91 7 9
93 91 10 12
93 91 13 15
93 91 16 18
96 94 1 3
96 94 4 6
96 94 7 9
96 94 10 12
96 94 13 15
96 94 16 18
99 97 1 3
99 97 4 6
99 97 7 9
99 97 10 12
99 97 13 15
99 97 16 18
109 75 1 3
109 75 4 6
109 75 7 9
109 75 10 12
109 75 13 15
109 75 16 18
77 110 1 3
77 110 4 6
77 110 7 9
77 110 10 12
77 110 13 15
77 110 16 18
112 78 1 3
112 78 4 6
112 78 7 9
112 78 10 12
112 78 13 15
112 78 16 18
90 113 1 3
90 113 4 6
90 113 7 9
90 113 10 12
90 113 13 15
90 113 16 18
102 101 1 3
102 101 4 6
102 101 7 9
102 101 10 12
102 101 13 15
102 101 16 18
105 104 1 3
105 104 4 6
105 104 7 9
105 104 10 12
105 104 13 15
105 104 16 18
80 114 1 3
80 114 4 6
80 114 7 9
80 114 10 12
80 114 13 15
80 114 16 18
115 107 1 3
115 107 4 6
115 107 7 9
115 107 10 12
115 107 13 15
115 107 16 18
83 117 1 3
83 117 4 6
83 117 7 9
83 117 10 12
83 117 13 15
83 117 16 18
118 82 1 3
118 82 4 6
118 82 7 9
118 82 10 12
118 82 13 15
118 82 16 18
86 120 1 3
86 120 4 6
86 120 7 9
86 120 10 12
86 120 13 15
86 120 16 18
121 85 1 3
121 85 4 6
121 85 7 9
121 85 10 12
121 85 13 15
121 85 16 18
89 123 1 3
89 123 4 6
89 123 7 9
89 123 10 12
89 123 13 15
89 123 16 18
124 88 1 3
124 88 4 6
124 88 7 9
124 88 10 12
124 88 13 15
124 88 16 18
109 110 1 3
109 110 4 6
109 110 7 9
109 110 10 12
109 110 13 15
109 110 16 18
112 113 1 3
112 113 4 6
112 113 7 9
112 113 10 12
112 113 13 15
112 113 16 18
127 91 1 3
127 91 4 6
127 91 7 9
127 91 10 12
127 91 13 15
127 91 16 18
90 128 1 3
90 128 4 6
90 128 7 9
90 128 10 12
90 128 13 15
90 128 16 18
130 94 1 3
130 94 4 6
130 94 7 9
130 94 10 12
130 94 13 15
130 94 16 18
93 131 1 3
93 131 4 6
93 131 7 9
93 131 10 12
93 131 13 15
93 131 16 18
133 97 1 3
133 97 4 6
133 97 7 9
133 97 10 12
133 97 13 15
133 97 16 18
96 134 1 3
96 134 4 6
96 134 7 9
96 134 10 12
96 134 13 15
96 134 16 18
136 107 1 3
136 107 4 6
136 107 7 9
136 107 10 12
136 107 13 15
136 107 16 18
99 137 1 3
99 137 4 6
99 137 7 9
99 137 10 12
99 137 13 15
99 137 16 18
115 117 1 3
115 117 4 6
115 117 7 9
115 117 10 12
115 117 13 15
115 117 16 18
118 120 1 3
118 120 4 6
118 120 7 9
118 120 10 12
118 120 13 15
118 120 16 18
121 123 1 3
121 123 4 6
121 123 7 9
121 123 10 12
121 123 13 15
121 123 16 18
124 138 1 3
124 138 4 6
124 138 7 9
124 138 10 12
124 138 13 15
124 138 16 18
139 101 1 3
139 101 4 6
139 101 7 9
139 101 10 12
139 101 13 15
139 101 16 18
102 141 1 3
102 141 4 6
102 141 7 9
102 141 10 12
102 141 13 15
102 141 16 18
142 104 1 3
142 104 4 6
142 104 7 9
142 104 10 12
142 104 13 15
142 104 16 18
105 144 1 3
105 144 4 6
105 144 7 9
105 144 10 12
105 144 13 15
105 144 16 18
145 114 1 3
145 114 4 6
145 114 7 9
145 114 10 12
145 114 13 15
145 114 16 18
130 128 1 3
130 128 4 6
130 128 7 9
130 128 10 12
130 128 13 15
130 128 16 18
133 131 1 3
133 131 4 6
133 131 7 9
133 131 10 12
133 131 13 15
133 131 16 18
136 134 1 3
136 134 4 6
136 134 7 9
136 134 10 12
136 134 13 15
136 134 16 18
147 137 1 3
147 137 4 6
147 137 7 9
147 137 10 12
147 137 13 15
147 137 16 18
109 148 1 3
109 148 4 6
109 148 7 9
109 148 10 12
109 148 13 15
109 148 16 18
150 110 1 3
150 110 4 6
150 110 7 9
150 110 10 12
150 110 13 15
150 110 16 18
112 151 1 3
112 151 4 6
112 151 7 9
112 151 10 12
112 151 13 15
112 151 16 18
153 113 1 3
153 113 4 6
153 113 7 9
153 113 10 12
153 113 13 15
153 113 16 18
127 138 1 3
127 138 4 6
127 138 7 9
127 138 10 12
127 138 13 15
127 138 16 18
142 141 1 3
142 141 4 6
142 141 7 9
142 141 10 12
142 141 13 15
142 141 16 18
145 144 1 3
145 144 4 6
145 144 7 9
145 144 10 12
145 144 13 15
145 144 16 18
115 155 1 3
115 155 4 6
115 155 7 9
115 155 10 12
115 155 13 15
115 155 16 18
156 114 1 3
156 114 4 6
156 114 7 9
156 114 10 12
156 114 13 15
156 114 16 18
118 158 1 3
118 158 4 6
118 158 7 9
118 158 10 12
118 158 13 15
118 158 16 18
159 117 1 3
159 117 4 6
159 117 7 9
159 117 10 12
159 117 13 15
159 117 16 18
121 161 1 3
121 161 4 6
121 161 7 9
121 161 10 12
121 161 13 15
121 161 16 18
162 120 1 3
162 120 4 6
162 120 7 9
162 120 10 12
162 120 13 15
162 120 16 18
124 164 1 3
124 164 4 6
124 164 7 9
124 164 10 12
124 164 13 15
124 164 16 18
165 123 1 3
165 123 4 6
165 123 7 9
165 123 10 12
165 123 13 15
165 123 16 18
139 167 1 3
139 167 4 6
139 167 7 9
139 167 10 12
139 167 13 15
139 167 16 18
147 148 1 3
147 148 4 6
147 148 7 9
147 148 10 12
147 148 13 15
147 148 16 18
150 151 1 3
150 151 4 6
150 151 7 9
150 151 10 12
150 151 13 15
150 151 16 18
153 168 1 3
153 168 4 6
153 168 7 9
153 168 10 12
153 168 13 15
153 168 16 18
170 128 1 3
170 128 4 6
170 128 7 9
170 128 10 12
170 128 13 15
170 128 16 18
127 171 1 3
127 171 4 6
127 171 7 9
127 171 10 12
127 171 13 15
127 171 16 18
173 131 1 3
173 131 4 6
173 131 7 9
173 131 10 12
173 131 13 15
173 131 16 18
130 174 1 3
130 174 4 6
130 174 7 9
130 174 10 12
130 174 13 15
130 174 16 18
176 134 1 3
176 134 4 6
176 134 7 9
176 134 10 12
176 134 13 15
176 134 16 18
133 177 1 3
133 177 4 6
133 177 7 9
133 177 10 12
133 177 13 15
133 177 16 18
179 137 1 3
179 137 4 6
179 137 7 9
179 137 10 12
179 137 13 15
179 137 16 18
136 180 1 3
136 180 4 6
136 180 7 9
136 180 10 12
136 180 13 15
136 180 16 18
156 158 1 3
156 158 4 6
156 158 7 9
156 158 10 12
156 158 13 15
156 158 16 18
159 161 1 3
159 161 4 6
159 161 7 9
159 161 10 12
159 161 13 15
159 161 16 18
162 164 1 3
162 164 4 6
162 164 7 9
162 164 10 12
162 164 13 15
162 164 16 18
165 167 1 3
165 167 4 6
165 167 7 9
165 167 10 12
165 167 13 15
165 167 16 18
182 138 1 3
182 138 4 6
182 138 7 9
182 138 10 12
182 138 13 15
182 138 16 18
139 183 1 3
139 183 4 6
139 183 7 9
139 183 10 12
139 183 13 15
139 183 16 18
184 141 1 3
184 141 4 6
184 141 7 9
184 141 10 12
184 141 13 15
184 141 16 18
142 186 1 3
142 186 4 6
142 186 7 9
142 186 10 12
142 186 13 15
142 186 16 18
187 144 1 3
187 144 4 6
187 144 7 9
187 144 10 12
187 144 13 15
187 144 16 18
145 168 1 3
145 168 4 6
145 168 7 9
145 168 10 12
145 168 13 15
145 168 16 18
182 155 1 3
182 155 4 6
182 155 7 9
182 155 10 12
182 155 13 15
182 155 16 18
170 168 1 3
170 168 4 6
170 168 7 9
170 168 10 12
170 168 13 15
170 168 16 18
173 171 1 3
173 171 4 6
173 171 7 9
173 171 10 12
173 171 13 15
173 171 16 18
176 174 1 3
176 174 4 6
176 174 7 9
176 174 10 12
176 174 13 15
176 174 16 18
179 177 1 3
179 177 4 6
179 177 7 9
179 177 10 12
179 177 13 15
179 177 16 18
182 180 1 3
182 180 4 6
182 180 7 9
182 180 10 12
182 180 13 15
182 180 16 18
147 167 1 3
147 167 4 6
147 167 7 9
147 167 10 12
147 167 13 15
147 167 16 18
190 148 1 3
190 148 4 6
190 148 7 9
190 148 10 12
190 148 13 15
190 148 16 18
150 191 1 3
150 191 4 6
150 191 7 9
150 191 10 12
150 191 13 15
150 191 16 18
193 151 1 3
193 151 4 6
193 151 7 9
193 151 10 12
193 151 13 15
193 151 16 18
153 194 1 3
153 194 4 6
153 194 7 9
153 194 10 12
153 194 13 15
153 194 16 18
184 183 1 3
184 183 4 6
184 183 7 9
184 183 10 12
184 183 13 15
184 183 16 18
187 186 1 3
187 186 4 6
187 186 7 9
187 186 10 12
187 186 13 15
187 186 16 18
156 194 1 3
156 194 4 6
156 194 7 9
156 194 10 12
156 194 13 15
156 194 16 18
195 155 1 3
195 155 4 6
195 155 7 9
195 155 10 12
195 155 13 15
195 155 16 18
159 197 1 3
159 197 4 6
159 197 7 9
159 197 10 12
159 197 13 15
159 197 16 18
198 158 1 3
198 158 4 6
198 158 7 9
198 158 10 12
198 158 13 15
198 158 16 18
162 200 1 3
162 200 4 6
162 200 7 9
162 200 10 12
162 200 13 15
162 200 16 18
201 161 1 3
201 161 4 6
201 161 7 9
201 161 10 12
201 161 13 15
201 161 16 18
165 203 1 3
165 203 4 6
165 203 7 9
165 203 10 12
165 203 13 15
165 203 16 18
195 164 1 3
195 164 4 6
195 164 7 9
195 164 10 12
195 164 13 15
195 164 16 18
190 191 1 3
190 191 4 6
190 191 7 9
190 191 10 12
190 191 13 15
190 191 16 18
193 194 1 3
193 194 4 6
193 194 7 9
193 194 10 12
193 194 13 15
193 194 16 18
204 171 1 3
204 171 4 6
204 171 7 9
204 171 10 12
204 171 13 15
204 171 16 18
170 205 1 3
170 205 4 6
170 205 7 9
170 205 10 12
170 205 13 15
170 205 16 18
207 174 1 3
207 174 4 6
207 174 7 9
207 174 10 12
207 174 13 15
207 174 16 18
173 208 1 3
173 208 4 6
173 208 7 9
173 208 10 12
173 208 13 15
173 208 16 18
210 177 1 3
210 177 4 6
210 177 7 9
210 177 10 12
210 177 13 15
210 177 16 18
176 211 1 3
176 211 4 6
176 211 7 9
176 211 10 12
176 211 13 15
176 211 16 18
204 180 1 3
204 180 4 6
204 180 7 9
204 180 10 12
204 180 13 15
204 180 16 18
179 183 1 3
179 183 4 6
179 183 7 9
179 183 10 12
179 183 13 15
179 183 16 18
195 197 1 3
195 197 4 6
195 197 7 9
195 197 10 12
195 197 13 15
195 197 16 18
198 200 1 3
198 200 4 6
198 200 7 9
198 200 10 12
198 200 13 15
198 200 16 18
201 203 1 3
201 203 4 6
201 203 7 9
201 203 10 12
201 203 13 15
201 203 16 18
184 213 1 3
184 213 4 6
184 213 7 9
184 213 10 12
184 213 13 15
184 213 16 18
214 186 1 3
214 186 4 6
214 186 7 9
214 186 10 12
214 186 13 15
214 186 16 18
187 205 1 3
187 205 4 6
187 205 7 9
187 205 10 12
187 205 13 15
187 205 16 18
207 205 1 3
207 205 4 6
207 205 7 9
207 205 10 12
207 205 13 15
207 205 16 18
210 208 1 3
210 208 4 6
210 208 7 9
210 208 10 12
210 208 13 15
210 208 16 18
204 211 1 3
204 211 4 6
204 211 7 9
204 211 10 12
204 211 13 15
204 211 16 18
190 203 1 3
190 203 4 6
190 203 7 9
190 203 10 12
190 203 13 15
190 203 16 18
217 191 1 3
217 191 4 6
217 191 7 9
217 191 10 12
217 191 13 15
217 191 16 18
193 218 1 3
193 218 4 6
193 218 7 9
193 218 10 12
193 218 13 15
193 218 16 18
214 213 1 3
214 213 4 6
214 213 7 9
214 213 10 12
214 213 13 15
214 213 16 18
198 218 1 3
198 218 4 6
198 218 7 9
198 218 10 12
198 218 13 15
198 218 16 18
219 197 1 3
219 197 4 6
219 197 7 9
219 197 10 12
219 197 13 15
219 197 16 18
201 221 1 3
201 221 4 6
201 221 7 9
201 221 10 12
201 221 13 15
201 221 16 18
219 200 1 3
219 200 4 6
219 200 7 9
219 200 10 12
219 200 13 15
219 200 16 18
217 218 1 3
217 218 4 6
217 218 7 9
217 218 10 12
217 218 13 15
217 218 16 18
222 208 1 3
222 208 4 6
222 208 7 9
222 208 10 12
222 208 13 15
222 208 16 18
207 223 1 3
207 223 4 6
207 223 7 9
207 223 10 12
207 223 13 15
207 223 16 18
222 211 1 3
222 211 4 6
222 211 7 9
222 211 10 12
222 211 13 15
222 211 16 18
210 213 1 3
210 213 4 6
210 213 7 9
210 213 10 12
210 213 13 15
210 213 16 18
219 221 1 3
219 221 4 6
219 221 7 9
219 221 10 12
219 221 13 15
219 221 16 18
214 223 1 3
214 223 4 6
214 223 7 9
214 223 10 12
214 223 13 15
214 223 16 18
222 223 1 3
222 223 4 6
222 223 7 9
222 223 10 12
222 223 13 15
222 223 16 18
217 221 1 3
217 221 4 6
217 221 7 9
217 221 10 12
217 221 13 15
217 221 16 18
0 2 2 4
0 2 5 7
0 2 8 10
0 2 11 13
0 2 14 16
0 2 17 19
0 3 2 4
0 3 5 7
0 3 8 10
0 3 11 13
0 3 14 16
0 3 17 19
4 2 2 4
4 2 5 7
4 2 8 10
4 2 11 13
4 2 14 16
4 2 17 19
7 3 2 4
7 3 5 7
7 3 8 10
7 3 11 13
7 3 14 16
7 3 17 19
4 8 2 4
4 8 5 7
4 8 8 10
4 8 11 13
4 8 14 16
4 8 17 19
9 2 2 4
9 2 5 7
9 2 8 10
9 2 11 13
9 2 14 16
9 2 17 19
0 11 2 4
0 11 5 7
0 11 8 10
0 11 11 13
0 11 14 16
0 11 17 19
13 3 2 4
13 3 5 7
13 3 8 10
13 3 11 13
13 3 14 16
13 3 17 19
7 8 2 4
7 8 5 7
7 8 8 10
7 8 11 13
7 8 14 16
7 8 17 19
4 14 2 4
4 14 5 7
4 14 8 10
4 14 11 13
4 14 14 16
4 14 17 19
15 11 2 4
15 11 5 7
15 11 8 10
15 11 11 13
15 11 14 16
15 11 17 19
9 17 2 4
9 17 5 7
9 17 8 10
9 17 11 13
9 17 14 16
9 17 17 19
13 18 2 4
13 18 5 7
13 18 8 10
13 18 11 13
13 18 14 16
13 18 17 19
20 11 2 4
20 11 5 7
20 11 8 10
20 11 11 13
20 11 14 16
20 11 17 19
7 21 2 4
7 21 5 7
7 21 8 10
7 21 11 13
7 21 14 16
7 21 17 19
15 17 2 4
15 17 5 7
15 17 8 10
15 17 11 13
15 17 14 16
15 17 17 19
22 8 2 4
22 8 5 7
22 8 8 10
22 8 11 13
22 8 14 16
22 8 17 19
9 24 2 4
9 24 5 7
9 24 8 10
9 24 11 13
9 24 14 16
9 24 17 19
25 14 2 4
25 14 5 7
25 14 8 10
25 14 11 13
25 14 14 16
25 14 17 19
20 18 2 4
20 18 5 7
20 18 8 10
20 18 11 13
20 18 14 16
20 18 17 19
27 21 2 4
27 21 5 7
27 21 8 10
27 21 11 13
27 21 14 16
27 21 17 19
13 28 2 4
13 28 5 7
13 28 8 10
13 28 11 13
13 28 14 16
13 28 17 19
25 24 2 4
25 24 5 7
25 24 8 10
25 24 11 13
25 24 14 16
25 24 17 19
15 31 2 4
15 31 5 7
15 31 8 10
15 31 11 13
15 31 14 16
15 31 17 19
32 14 2 4
32 14 5 7
32 14 8 10
32 14 11 13
32 14 14 16
32 14 17 19
22 34 2 4
22 34 5 7
22 34 8 10
22 34 11 13
22 34 14 16
22 34 17 19
35 17 2 4
35 17 5 7
35 17 8 10
35 17 11 13
35 17 14 16
35 17 17 19
27 28 2 4
27 28 5 7
27 28 8 10
27 28 11 13
27 28 14 16
27 28 17 19
36 18 2 4
36 18 5 7
36 18 8 10
36 18 11 13
36 18 14 16
36 18 17 19
22 37 2 4
22 37 5 7
22 37 8 10
22 37 11 13
22 37 14 16
22 37 17 19
39 21 2 4
39 21 5 7
39 21 8 10
39 21 11 13
39 21 14 16
39 21 17 19
20 40 2 4
20 40 5 7
20 40 8 10
20 40 11 13
20 40 14 16
20 40 17 19
32 34 2 4
32 34 5 7
32 34 8 10
32 34 11 13
32 34 14 16
32 34 17 19
35 43 2 4
35 43 5 7
35 43 8 10
35 43 11 13
35 43 14 16
35 43 17 19
44 24 2 4
44 24 5 7
44 24 8 10
44 24 11 13
44 24 14 16
44 24 17 19
25 46 2 4
25 46 5 7
25 46 8 10
25 46 11 13
25 46 14 16
25 46 17 19
47 31 2 4
47 31 5 7
47 31 8 10
47 31 11 13
47 31 14 16
47 31 17 19
39 37 2 4
39 37 5 7
39 37 8 10
39 37 11 13
39 37 14 16
39 37 17 19
47 40 2 4
47 40 5 7
47 40 8 10
47 40 11 13
47 40 14 16
47 40 17 19
27 48 2 4
27 48 5 7
27 48 8 10
27 48 11 13
27 48 14 16
27 48 17 19
50 28 2 4
50 28 5 7
50 28 8 10
50 28 11 13
50 28 14 16
50 28 17 19
36 51 2 4
36 51 5 7
36 51 8 10
36 51 11 13
36 51 14 16
36 51 17 19
44 43 2 4
44 43 5 7
44 43 8 10
44 43 11 13
44 43 14 16
44 43 17 19
52 46 2 4
52 46 5 7
52 46 8 10
52 46 11 13
52 46 14 16
52 46 17 19
32 54 2 4
32 54 5 7
32 54 8 10
32 54 11 13
32 54 14 16
32 54 17 19
55 31 2 4
55 31 5 7
55 31 8 10
55 31 11 13
55 31 14 16
55 31 17 19
35 57 2 4
35 57 5 7
35 57 8 10
35 57 11 13
35 57 14 16
35 57 17 19
58 34 2 4
58 34 5 7
58 34 8 10
58 34 11 13
58 34 14 16
58 34 17 19
50 51 2 4
50 51 5 7
50 51 8 10
50 51 11 13
50 51 14 16
50 51 17 19
61 37 2 4
61 37 5 7
61 37 8 10
61 37 11 13
61 37 14 16
61 37 17 19
36 62 2 4
36 62 5 7
36 62 8 10
36 62 11 13
36 62 14 16
36 62 17 19
64 40 2 4
64 40 5 7
64 40 8 10
64 40 11 13
64 40 14 16
64 40 17 19
39 65 2 4
39 65 5 7
39 65 8 10
39 65 11 13
39 65 14 16
39 65 17 19
67 48 2 4
67 48 5 7
67 48 8 10
67 48 11 13
67 48 14 16
67 48 17 19
52 54 2 4
52 54 5 7
52 54 8 10
52 54 11 13
52 54 14 16
52 54 17 19
55 57 2 4
55 57 5 7
55 57 8 10
55 57 11 13
55 57 14 16
55 57 17 19
58 68 2 4
58 68 5 7
58 68 8 10
58 68 11 13
58 68 14 16
58 68 17 19
69 43 2 4
69 43 5 7
69 43 8 10
69 43 11 13
69 43 14 16
69 43 17 19
44 71 2 4
44 71 5 7
44 71 8 10
44 71 11 13
44 71 14 16
44 71 17 19
72 46 2 4
72 46 5 7
72 46 8 10
72 46 11 13
72 46 14 16
72 46 17 19
47 74 2 4
47 74 5 7
47 74 8 10
47 74 11 13
47 74 14 16
47 74 17 19
64 62 2 4
64 62 5 7
64 62 8 10
64 62 11 13
64 62 14 16
64 62 17 19
67 65 2 4
67 65 5 7
67 65 8 10
67 65 11 13
67 65 14 16
67 65 17 19
76 48 2 4
76 48 5 7
76 48 8 10
76 48 11 13
76 48 14 16
76 48 17 19
50 77 2 4
50 77 5 7
50 77 8 10
50 77 11 13
50 77 14 16
50 77 17 19
79 51 2 4
79 51 5 7
79 51 8 10
79 51 11 13
79 51 14 16
79 51 17 19
61 68 2 4
61 68 5 7
61 68 8 10
61 68 11 13
61 68 14 16
61 68 17 19
72 71 2 4
72 71 5 7
72 71 8 10
72 71 11 13
72 71 14 16
72 71 17 19
52 80 2 4
52 80 5 7
52 80 8 10
52 80 11 13
52 80 14 16
52 80 17 19
81 74 2 4
81 74 5 7
81 74 8 10
81 74 11 13
81 74 14 16
81 74 17 19
55 83 2 4
55 83 5 7
55 83 8 10
55 83 11 13
55 83 14 16
55 83 17 19
84 54 2 4
84 54 5 7
84 54 8 10
84 54 11 13
84 54 14 16
84 54 17 19
58 86 2 4
58 86 5 7
58 86 8 10
58 86 11 13
58 86 14 16
58 86 17 19
87 57 2 4
87 57 5 7
87 57 8 10
87 57 11 13
87 57 14 16
87 57 17 19
69 89 2 4
69 89 5 7
69 89 8 10
69 89 11 13
69 89 14 16
69 89 17 19
76 77 2 4
76 77 5 7
76 77 8 10
76 77 11 13
76 77 14 16
76 77 17 19
79 90 2 4
79 90 5 7
79 90 8 10
79 90 11 13
79 90 14 16
79 90 17 19
92 62 2 4
92 62 5 7
92 62 8 10
92 62 11 13
92 62 14 16
92 62 17 19
61 93 2 4
61 93 5 7
61 93 8 10
61 93 11 13
61 93 14 16
61 93 17 19
95 65 2 4
95 65 5 7
95 65 8 10
95 65 11 13
95 65 14 16
95 65 17 19
64 96 2 4
64 96 5 7
64 96 8 10
64 96 11 13
64 96 14 16
64 96 17 19
98 74 2 4
98 74 5 7
98 74 8 10
98 74 11 13
98 74 14 16
98 74 17 19
67 99 2 4
67 99 5 7
67 99 8 10
67 99 11 13
67 99 14 16
67 99 17 19
81 83 2 4
81 83 5 7
81 83 8 10
81 83 11 13
81 83 14 16
81 83 17 19
84 86 2 4
84 86 5 7
84 86 8 10
84 86 11 13
84 86 14 16
84 86 17 19
87 89 2 4
87 89 5 7
87 89 8 10
87 89 11 13
87 89 14 16
87 89 17 19
100 68 2 4
100 68 5 7
100 68 8 10
100 68 11 13
100 68 14 16
100 68 17 19
69 102 2 4
69 102 5 7
69 102 8 10
69 102 11 13
69 102 14 16
69 102 17 19
103 71 2 4
103 71 5 7
103 71 8 10
103 71 11 13
103 71 14 16
103 71 17 19
72 105 2 4
72 105 5 7
72 105 8 10
72 105 11 13
72 105 14 16
72 105 17 19
106 80 2 4
106 80 5 7
106 80 8 10
106 80 11 13
106 80 14 16
106 80 17 19
92 90 2 4
92 90 5 7
92 90 8 10
92 90 11 13
92 90 14 16
92 90 17 19
95 93 2 4
95 93 5 7
95 93 8 10
95 93 11 13
95 93 14 16
95 93 17 19
98 96 2 4
98 96 5 7
98 96 8 10
98 96 11 13
98 96 14 16
98 96 17 19
108 99 2 4
108 99 5 7
108 99 8 10
108 99 11 13
108 99 14 16
108 99 17 19
76 109 2 4
76 109 5 7
76 109 8 10
76 109 11 13
76 109 14 16
76 109 17 19
111 77 2 4
111 77 5 7
111 77 8 10
111 77 11 13
111 77 14 16
111 77 17 19
79 112 2 4
79 112 5 7
79 112 8 10
79 112 11 13
79 112 14 16
79 112 17 19
103 102 2 4
103 102 5 7
103 102 8 10
103 102 11 13
103 102 14 16
103 102 17 19
106 105 2 4
106 105 5 7
106 105 8 10
106 105 11 13
106 105 14 16
106 105 17 19
81 115 2 4
81 115 5 7
81 115 8 10
81 115 11 13
81 115 14 16
81 115 17 19
116 80 2 4
116 80 5 7
116 80 8 10
116 80 11 13
116 80 14 16
116 80 17 19
84 118 2 4
84 118 5 7
84 118 8 10
84 118 11 13
84 118 14 16
84 118 17 19
119 83 2 4
119 83 5 7
119 83 8 10
119 83 11 13
119 83 14 16
119 83 17 19
87 121 2 4
87 121 5 7
87 121 8 10
87 121 11 13
87 121 14 16
87 121 17 19
122 86 2 4
122 86 5 7
122 86 8 10
122 86 11 13
122 86 14 16
122 86 17 19
100 124 2 4
100 124 5 7
100 124 8 10
100 124 11 13
100 124 14 16
100 124 17 19
125 89 2 4
125 89 5 7
125 89 8 10
125 89 11 13
125 89 14 16
125 89 17 19
108 109 2 4
108 109 5 7
108 109 8 10
108 109 11 13
108 109 14 16
108 109 17 19
111 112 2 4
111 112 5 7
111 112 8 10
111 112 11 13
111 112 14 16
111 112 17 19
126 90 2 4
126 90 5 7
126 90 8 10
126 90 11 13
126 90 14 16
126 90 17 19
100 127 2 4
100 127 5 7
100 127 8 10
100 127 11 13
100 127 14 16
100 127 17 19
129 93 2 4
129 93 5 7
129 93 8 10
129 93 11 13
129 93 14 16
129 93 17 19
92 130 2 4
92 130 5 7
92 130 8 10
92 130 11 13
92 130 14 16
92 130 17 19
132 96 2 4
132 96 5 7
132 96 8 10
132 96 11 13
132 96 14 16
132 96 17 19
95 133 2 4
95 133 5 7
95 133 8 10
95 133 11 13
95 133 14 16
95 133 17 19
135 99 2 4
135 99 5 7
135 99 8 10
135 99 11 13
135 99 14 16
135 99 17 19
98 136 2 4
98 136 5 7
98 136 8 10
98 136 11 13
98 136 14 16
98 136 17 19
116 118 2 4
116 118 5 7
116 118 8 10
116 118 11 13
116 118 14 16
116 118 17 19
119 121 2 4
119 121 5 7
119 121 8 10
119 121 11 13
119 121 14 16
119 121 17 19
122 124 2 4
122 124 5 7
122 124 8 10
122 124 11 13
122 124 14 16
122 124 17 19
125 139 2 4
125 139 5 7
125 139 8 10
125 139 11 13
125 139 14 16
125 139 17 19
140 102 2 4
140 102 5 7
140 102 8 10
140 102 11 13
140 102 14 16
140 102 17 19
103 142 2 4
103 142 5 7
103 142 8 10
103 142 11 13
103 142 14 16
103 142 17 19
143 105 2 4
143 105 5 7
143 105 8 10
143 105 11 13
143 105 14 16
143 105 17 19
106 145 2 4
106 145 5 7
106 145 8 10
106 145 11 13
106 145 14 16
106 145 17 19
146 115 2 4
146 115 5 7
146 115 8 10
146 115 11 13
146 115 14 16
146 115 17 19
129 127 2 4
129 127 5 7
129 127 8 10
129 127 11 13
129 127 14 16
129 127 17 19
132 130 2 4
132 130 5 7
132 130 8 10
132 130 11 13
132 130 14 16
132 130 17 19
135 133 2 4
135 133 5 7
135 133 8 10
135 133 11 13
135 133 14 16
135 133 17 19
146 136 2 4
146 136 5 7
146 136 8 10
146 136 11 13
146 136 14 16
146 136 17 19
108 147 2 4
108 147 5 7
108 147 8 10
108 147 11 13
108 147 14 16
108 147 17 19
149 109 2 4
149 109 5 7
149 109 8 10
149 109 11 13
149 109 14 16
149 109 17 19
111 150 2 4
111 150 5 7
111 150 8 10
111 150 11 13
111 150 14 16
111 150 17 19
152 112 2 4
152 112 5 7
152 112 8 10
152 112 11 13
152 112 14 16
152 112 17 19
126 153 2 4
126 153 5 7
126 153 8 10
126 153 11 13
126 153 14 16
126 153 17 19
140 139 2 4
140 139 5 7
140 139 8 10
140 139 11 13
140 139 14 16
140 139 17 19
143 142 2 4
143 142 5 7
143 142 8 10
143 142 11 13
143 142 14 16
143 142 17 19
154 145 2 4
154 145 5 7
154 145 8 10
154 145 11 13
154 145 14 16
154 145 17 19
116 156 2 4
116 156 5 7
116 156 8 10
116 156 11 13
116 156 14 16
116 156 17 19
157 115 2 4
157 115 5 7
157 115 8 10
157 115 11 13
157 115 14 16
157 115 17 19
119 159 2 4
119 159 5 7
119 159 8 10
119 159 11 13
119 159 14 16
119 159 17 19
160 118 2 4
160 118 5 7
160 118 8 10
160 118 11 13
160 118 14 16
160 118 17 19
122 162 2 4
122 162 5 7
122 162 8 10
122 162 11 13
122 162 14 16
122 162 17 19
163 121 2 4
163 121 5 7
163 121 8 10
163 121 11 13
163 121 14 16
163 121 17 19
125 165 2 4
125 165 5 7
125 165 8 10
125 165 11 13
125 165 14 16
125 165 17 19
166 124 2 4
166 124 5 7
166 124 8 10
166 124 11 13
166 124 14 16
166 124 17 19
149 150 2 4
149 150 5 7
149 150 8 10
149 150 11 13
149 150 14 16
149 150 17 19
152 153 2 4
152 153 5 7
152 153 8 10
152 153 11 13
152 153 14 16
152 153 17 19
169 127 2 4
169 127 5 7
169 127 8 10
169 127 11 13
169 127 14 16
169 127 17 19
126 170 2 4
126 170 5 7
126 170 8 10
126 170 11 13
126 170 14 16
126 170 17 19
172 130 2 4
172 130 5 7
172 130 8 10
172 130 11 13
172 130 14 16
172 130 17 19
129 173 2 4
129 173 5 7
129 173 8 10
129 173 11 13
129 173 14 16
129 173 17 19
175 133 2 4
175 133 5 7
175 133 8 10
175 133 11 13
175 133 14 16
175 133 17 19
132 176 2 4
132 176 5 7
132 176 8 10
132 176 11 13
132 176 14 16
132 176 17 19
178 136 2 4
178 136 5 7
178 136 8 10
178 136 11 13
178 136 14 16
178 136 17 19
135 179 2 4
135 179 5 7
135 179 8 10
135 179 11 13
135 179 14 16
135 179 17 19
181 147 2 4
181 147 5 7
181 147 8 10
181 147 11 13
181 147 14 16
181 147 17 19
154 156 2 4
154 156 5 7
154 156 8 10
154 156 11 13
154 156 14 16
154 156 17 19
157 159 2 4
157 159 5 7
157 159 8 10
157 159 11 13
157 159 14 16
157 159 17 19
160 162 2 4
160 162 5 7
160 162 8 10
160 162 11 13
160 162 14 16
160 162 17 19
163 165 2 4
163 165 5 7
163 165 8 10
163 165 11 13
163 165 14 16
163 165 17 19
166 182 2 4
166 182 5 7
166 182 8 10
166 182 11 13
166 182 14 16
166 182 17 19
181 139 2 4
181 139 5 7
181 139 8 10
181 139 11 13
181 139 14 16
181 139 17 19
140 184 2 4
140 184 5 7
140 184 8 10
140 184 11 13
140 184 14 16
140 184 17 19
185 142 2 4
185 142 5 7
185 142 8 10
185 142 11 13
185 142 14 16
185 142 17 19
143 187 2 4
143 187 5 7
143 187 8 10
143 187 11 13
143 187 14 16
143 187 17 19
188 145 2 4
188 145 5 7
188 145 8 10
188 145 11 13
188 145 14 16
188 145 17 19
146 182 2 4
146 182 5 7
146 182 8 10
146 182 11 13
146 182 14 16
146 182 17 19
172 170 2 4
172 170 5 7
172 170 8 10
172 170 11 13
172 170 14 16
172 170 17 19
175 173 2 4
175 173 5 7
175 173 8 10
175 173 11 13
175 173 14 16
175 173 17 19
178 176 2 4
178 176 5 7
178 176 8 10
178 176 11 13
178 176 14 16
178 176 17 19
181 179 2 4
181 179 5 7
181 179 8 10
181 179 11 13
181 179 14 16
181 179 17 19
189 147 2 4
189 147 5 7
189 147 8 10
189 147 11 13
189 147 14 16
189 147 17 19
149 190 2 4
149 190 5 7
149 190 8 10
149 190 11 13
149 190 14 16
149 190 17 19
192 150 2 4
192 150 5 7
192 150 8 10
192 150 11 13
192 150 14 16
192 150 17 19
152 193 2 4
152 193 5 7
152 193 8 10
152 193 11 13
152 193 14 16
152 193 17 19
154 153 2 4
154 153 5 7
154 153 8 10
154 153 11 13
154 153 14 16
154 153 17 19
169 182 2 4
169 182 5 7
169 182 8 10
169 182 11 13
169 182 14 16
169 182 17 19
185 184 2 4
185 184 5 7
185 184 8 10
185 184 11 13
185 184 14 16
185 184 17 19
188 187 2 4
188 187 5 7
188 187 8 10
188 187 11 13
188 187 14 16
188 187 17 19
157 195 2 4
157 195 5 7
157 195 8 10
157 195 11 13
157 195 14 16
157 195 17 19
196 156 2 4
196 156 5 7
196 156 8 10
196 156 11 13
196 156 14 16
196 156 17 19
160 198 2 4
160 198 5 7
160 198 8 10
160 198 11 13
160 198 14 16
160 198 17 19
199 159 2 4
199 159 5 7
199 159 8 10
199 159 11 13
199 159 14 16
199 159 17 19
163 201 2 4
163 201 5 7
163 201 8 10
163 201 11 13
163 201 14 16
163 201 17 19
202 162 2 4
202 162 5 7
202 162 8 10
202 162 11 13
202 162 14 16
202 162 17 19
166 195 2 4
166 195 5 7
166 195 8 10
166 195 11 13
166 195 14 16
166 195 17 19
189 165 2 4
189 165 5 7
189 165 8 10
189 165 11 13
189 165 14 16
189 165 17 19
189 190 2 4
189 190 5 7
189 190 8 10
189 190 11 13
189 190 14 16
189 190 17 19
192 193 2 4
192 193 5 7
192 193 8 10
192 193 11 13
192 193 14 16
192 193 17 19
188 170 2 4
188 170 5 7
188 170 8 10
188 170 11 13
188 170 14 16
188 170 17 19
169 204 2 4
169 204 5 7
169 204 8 10
169 204 11 13
169 204 14 16
169 204 17 19
206 173 2 4
206 173 5 7
206 173 8 10
206 173 11 13
206 173 14 16
206 173 17 19
172 207 2 4
172 207 5 7
172 207 8 10
172 207 11 13
172 207 14 16
172 207 17 19
209 176 2 4
209 176 5 7
209 176 8 10
209 176 11 13
209 176 14 16
209 176 17 19
175 210 2 4
175 210 5 7
175 210 8 10
175 210 11 13
175 210 14 16
175 210 17 19
212 179 2 4
212 179 5 7
212 179 8 10
212 179 11 13
212 179 14 16
212 179 17 19
178 204 2 4
178 204 5 7
178 204 8 10
178 204 11 13
178 204 14 16
178 204 17 19
196 198 2 4
196 198 5 7
196 198 8 10
196 198 11 13
196 198 14 16
196 198 17 19
199 201 2 4
199 201 5 7
199 201 8 10
199 201 11 13
199 201 14 16
199 201 17 19
202 195 2 4
202 195 5 7
202 195 8 10
202 195 11 13
202 195 14 16
202 195 17 19
212 184 2 4
212 184 5 7
212 184 8 10
212 184 11 13
212 184 14 16
212 184 17 19
185 214 2 4
185 214 5 7
185 214 8 10
185 214 11 13
185 214 14 16
185 214 17 19
215 187 2 4
215 187 5 7
215 187 8 10
215 187 11 13
215 187 14 16
215 187 17 19
206 204 2 4
206 204 5 7
206 204 8 10
206 204 11 13
206 204 14 16
206 204 17 19
209 207 2 4
209 207 5 7
209 207 8 10
209 207 11 13
209 207 14 16
209 207 17 19
212 210 2 4
212 210 5 7
212 210 8 10
212 210 11 13
212 210 14 16
212 210 17 19
216 190 2 4
216 190 5 7
216 190 8 10
216 190 11 13
216 190 14 16
216 190 17 19
192 217 2 4
192 217 5 7
192 217 8 10
192 217 11 13
192 217 14 16
192 217 17 19
196 193 2 4
196 193 5 7
196 193 8 10
196 193 11 13
196 193 14 16
196 193 17 19
215 214 2 4
215 214 5 7
215 214 8 10
215 214 11 13
215 214 14 16
215 214 17 19
199 219 2 4
199 219 5 7
199 219 8 10
199 219 11 13
199 219 14 16
199 219 17 19
220 198 2 4
220 198 5 7
220 198 8 10
220 198 11 13
220 198 14 16
220 198 17 19
202 219 2 4
202 219 5 7
202 219 8 10
202 219 11 13
202 219 14 16
202 219 17 19
216 201 2 4
216 201 5 7
216 201 8 10
216 201 11 13
216 201 14 16
216 201 17 19
216 217 2 4
216 217 5 7
216 217 8 10
216 217 11 13
216 217 14 16
216 217 17 19
215 207 2 4
215 207 5 7
215 207 8 10
215 207 11 13
215 207 14 16
215 207 17 19
206 222 2 4
206 222 5 7
206 222 8 10
206 222 11 13
206 222 14 16
206 222 17 19
224 210 2 4
224 210 5 7
224 210 8 10
224 210 11 13
224 210 14 16
224 210 17 19
209 222 2 4
209 222 5 7
209 222 8 10
209 222 11 13
209 222 14 16
209 222 17 19
220 219 2 4
220 219 5 7
220 219 8 10
220 219 11 13
220 219 14 16
220 219 17 19
224 214 2 4
224 214 5 7
224 214 8 10
224 214 11 13
224 214 14 16
224 214 17 19
224 222 2 4
224 222 5 7
224 222 8 10
224 222 11 13
224 222 14 16
224 222 17 19
220 217 2 4
220 217 5 7
220 217 8 10
220 217 11 13
220 217 14 16
220 217 17 19
1 0 0 2
1 0 3 5
1 0 6 8
1 0 9 11
1 0 12 14
1 0 15 17
1 4 0 2
1 4 3 5
1 4 6 8
1 4 9 11
1 4 12 14
1 4 15 17
5 0 0 2
5 0 3 5
5 0 6 8
5 0 9 11
5 0 12 14
5 0 15 17
6 0 0 2
6 0 3 5
6 0 6 8
6 0 9 11
6 0 12 14
6 0 15 17
1 7 0 2
1 7 3 5
1 7 6 8
1 7 9 11
1 7 12 14
1 7 15 17
5 9 0 2
5 9 3 5
5 9 6 8
5 9 9 11
5 9 12 14
5 9 15 17
10 4 0 2
10 4 3 5
10 4 6 8
10 4 9 11
10 4 12 14
10 4 15 17
12 7 0 2
12 7 3 5
12 7 6 8
12 7 9 11
12 7 12 14
12 7 15 17
6 13 0 2
6 13 3 5
6 13 6 8
6 13 9 11
6 13 12 14
6 13 15 17
10 9 0 2
10 9 3 5
10 9 6 8
10 9 9 11
10 9 12 14
10 9 15 17
5 15 0 2
5 15 3 5
5 15 6 8
5 15 9 11
5 15 12 14
5 15 15 17
16 4 0 2
16 4 3 5
16 4 6 8
16 4 9 11
16 4 12 14
16 4 15 17
12 13 0 2
12 13 3 5
12 13 6 8
12 13 9 11
12 13 12 14
12 13 15 17
19 7 0 2
19 7 3 5
19 7 6 8
19 7 9 11
19 7 12 14
19 7 15 17
6 20 0 2
6 20 3 5
6 20 6 8
6 20 9 11
6 20 12 14
6 20 15 17
16 22 0 2
16 22 3 5
16 22 6 8
16 22 9 11
16 22 12 14
16 22 15 17
23 9 0 2
23 9 3 5
23 9 6 8
23 9 9 11
23 9 12 14
23 9 15 17
10 25 0 2
10 25 3 5
10 25 6 8
10 25 9 11
10 25 12 14
10 25 15 17
26 15 0 2
26 15 3 5
26 15 6 8
26 15 9 11
26 15 12 14
26 15 15 17
26 20 0 2
26 20 3 5
26 20 6 8
26 20 9 11
26 20 12 14
26 20 15 17
12 27 0 2
12 27 3 5
12 27 6 8
12 27 9 11
12 27 12 14
12 27 15 17
29 13 0 2
29 13 3 5
29 13 6 8
29 13 9 11
29 13 12 14
29 13 15 17
19 22 0 2
19 22 3 5
19 22 6 8
19 22 9 11
19 22 12 14
19 22 15 17
30 25 0 2
30 25 3 5
30 25 6 8
30 25 9 11
30 25 12 14
30 25 15 17
16 32 0 2
16 32 3 5
16 32 6 8
16 32 9 11
16 32 12 14
16 32 15 17
33 15 0 2
33 15 3 5
33 15 6 8
33 15 9 11
33 15 12 14
33 15 15 17
23 35 0 2
23 35 3 5
23 35 6 8
23 35 9 11
23 35 12 14
23 35 15 17
29 36 0 2
29 36 3 5
29 36 6 8
29 36 9 11
29 36 12 14
29 36 15 17
38 20 0 2
38 20 3 5
38 20 6 8
38 20 9 11
38 20 12 14
38 20 15 17
19 39 0 2
19 39 3 5
19 39 6 8
19 39 9 11
19 39 12 14
19 39 15 17
41 27 0 2
41 27 3 5
41 27 6 8
41 27 9 11
41 27 12 14
41 27 15 17
30 32 0 2
30 32 3 5
30 32 6 8
30 32 9 11
30 32 12 14
30 32 15 17
33 35 0 2
33 35 3 5
33 35 6 8
33 35 9 11
33 35 12 14
33 35 15 17
42 22 0 2
42 22 3 5
42 22 6 8
42 22 9 11
42 22 12 14
42 22 15 17
23 44 0 2
23 44 3 5
23 44 6 8
23 44 9 11
23 44 12 14
23 44 15 17
45 25 0 2
45 25 3 5
45 25 6 8
45 25 9 11
45 25 12 14
45 25 15 17
26 47 0 2
26 47 3 5
26 47 6 8
26 47 9 11
26 47 12 14
26 47 15 17
38 36 0 2
38 36 3 5
38 36 6 8
38 36 9 11
38 36 12 14
38 36 15 17
41 39 0 2
41 39 3 5
41 39 6 8
41 39 9 11
41 39 12 14
41 39 15 17
49 27 0 2
49 27 3 5
49 27 6 8
49 27 9 11
49 27 12 14
49 27 15 17
29 50 0 2
29 50 3 5
29 50 6 8
29 50 9 11
29 50 12 14
29 50 15 17
45 44 0 2
45 44 3 5
45 44 6 8
45 44 9 11
45 44 12 14
45 44 15 17
30 52 0 2
30 52 3 5
30 52 6 8
30 52 9 11
30 52 12 14
30 52 15 17
53 47 0 2
53 47 3 5
53 47 6 8
53 47 9 11
53 47 12 14
53 47 15 17
33 55 0 2
33 55 3 5
33 55 6 8
33 55 9 11
33 55 12 14
33 55 15 17
56 32 0 2
56 32 3 5
56 32 6 8
56 32 9 11
56 32 12 14
56 32 15 17
42 58 0 2
42 58 3 5
42 58 6 8
42 58 9 11
42 58 12 14
42 58 15 17
59 35 0 2
59 35 3 5
59 35 6 8
59 35 9 11
59 35 12 14
59 35 15 17
49 50 0 2
49 50 3 5
49 50 6 8
49 50 9 11
49 50 12 14
49 50 15 17
60 36 0 2
60 36 3 5
60 36 6 8
60 36 9 11
60 36 12 14
60 36 15 17
42 61 0 2
42 61 3 5
42 61 6 8
42 61 9 11
42 61 12 14
42 61 15 17
63 39 0 2
63 39 3 5
63 39 6 8
63 39 9 11
63 39 12 14
63 39 15 17
38 64 0 2
38 64 3 5
38 64 6 8
38 64 9 11
38 64 12 14
38 64 15 17
66 47 0 2
66 47 3 5
66 47 6 8
66 47 9 11
66 47 12 14
66 47 15 17
41 67 0 2
41 67 3 5
41 67 6 8
41 67 9 11
41 67 12 14
41 67 15 17
53 55 0 2
53 55 3 5
53 55 6 8
53 55 9 11
53 55 12 14
53 55 15 17
56 58 0 2
56 58 3 5
56 58 6 8
56 58 9 11
56 58 12 14
56 58 15 17
59 69 0 2
59 69 3 5
59 69 6 8
59 69 9 11
59 69 12 14
59 69 15 17
70 44 0 2
70 44 3 5
70 44 6 8
70 44 9 11
70 44 12 14
70 44 15 17
45 72 0 2
45 72 3 5
45 72 6 8
45 72 9 11
45 72 12 14
45 72 15 17
73 52 0 2
73 52 3 5
73 52 6 8
73 52 9 11
73 52 12 14
73 52 15 17
63 61 0 2
63 61 3 5
63 61 6 8
63 61 9 11
63 61 12 14
63 61 15 17
66 64 0 2
66 64 3 5
66 64 6 8
66 64 9 11
66 64 12 14
66 64 15 17
75 67 0 2
75 67 3 5
75 67 6 8
75 67 9 11
75 67 12 14
75 67 15 17
49 76 0 2
49 76 3 5
49 76 6 8
49 76 9 11
49 76 12 14
49 76 15 17
78 50 0 2
78 50 3 5
78 50 6 8
78 50 9 11
78 50 12 14
78 50 15 17
60 79 0 2
60 79 3 5
60 79 6 8
60 79 9 11
60 79 12 14
60 79 15 17
70 69 0 2
70 69 3 5
70 69 6 8
70 69 9 11
70 69 12 14
70 69 15 17
73 72 0 2
73 72 3 5
73 72 6 8
73 72 9 11
73 72 12 14
73 72 15 17
53 81 0 2
53 81 3 5
53 81 6 8
53 81 9 11
53 81 12 14
53 81 15 17
82 52 0 2
82 52 3 5
82 52 6 8
82 52 9 11
82 52 12 14
82 52 15 17
56 84 0 2
56 84 3 5
56 84 6 8
56 84 9 11
56 84 12 14
56 84 15 17
85 55 0 2
85 55 3 5
85 55 6 8
85 55 9 11
85 55 12 14
85 55 15 17
59 87 0 2
59 87 3 5
59 87 6 8
59 87 9 11
59 87 12 14
59 87 15 17
88 58 0 2
88 58 3 5
88 58 6 8
88 58 9 11
88 58 12 14
88 58 15 17
75 76 0 2
75 76 3 5
75 76 6 8
75 76 9 11
75 76 12 14
75 76 15 17
78 79 0 2
78 79 3 5
78 79 6 8
78 79 9 11
78 79 12 14
78 79 15 17
91 61 0 2
91 61 3 5
91 61 6 8
91 61 9 11
91 61 12 14
91 61 15 17
60 92 0 2
60 92 3 5
60 92 6 8
60 92 9 11
60 92 12 14
60 92 15 17
94 64 0 2
94 64 3 5
94 64 6 8
94 64 9 11
94 64 12 14
94 64 15 17
63 95 0 2
63 95 3 5
63 95 6 8
63 95 9 11
63 95 12 14
63 95 15 17
97 67 0 2
97 67 3 5
97 67 6 8
97 67 9 11
97 67 12 14
97 67 15 17
66 98 0 2
66 98 3 5
66 98 6 8
66 98 9 11
66 98 12 14
66 98 15 17
82 84 0 2
82 84 3 5
82 84 6 8
82 84 9 11
82 84 12 14
82 84 15 17
85 87 0 2
85 87 3 5
85 87 6 8
85 87 9 11
85 87 12 14
85 87 15 17
88 100 0 2
88 100 3 5
88 100 6 8
88 100 9 11
88 100 12 14
88 100 15 17
101 69 0 2
101 69 3 5
101 69 6 8
101 69 9 11
101 69 12 14
101 69 15 17
70 103 0 2
70 103 3 5
70 103 6 8
70 103 9 11
70 103 12 14
70 103 15 17
104 72 0 2
104 72 3 5
104 72 6 8
104 72 9 11
104 72 12 14
104 72 15 17
73 106 0 2
73 106 3 5
73 106 6 8
73 106 9 11
73 106 12 14
73 106 15 17
107 81 0 2
107 81 3 5
107 81 6 8
107 81 9 11
107 81 12 14
107 81 15 17
94 92 0 2
94 92 3 5
94 92 6 8
94 92 9 11
94 92 12 14
94 92 15 17
97 95 0 2
97 95 3 5
97 95 6 8
97 95 9 11
97 95 12 14
97 95 15 17
107 98 0 2
107 98 3 5
107 98 6 8
107 98 9 11
107 98 12 14
107 98 15 17
75 108 0 2
75 108 3 5
75 108 6 8
75 108 9 11
75 108 12 14
75 108 15 17
110 76 0 2
110 76 3 5
110 76 6 8
110 76 9 11
110 76 12 14
110 76 15 17
78 111 0 2
78 111 3 5
78 111 6 8
78 111 9 11
78 111 12 14
78 111 15 17
113 79 0 2
113 79 3 5
113 79 6 8
113 79 9 11
113 79 12 14
113 79 15 17
91 100 0 2
91 100 3 5
91 100 6 8
91 100 9 11
91 100 12 14
91 100 15 17
104 103 0 2
104 103 3 5
104 103 6 8
104 103 9 11
104 103 12 14
104 103 15 17
114 106 0 2
114 106 3 5
114 106 6 8
114 106 9 11
114 106 12 14
114 106 15 17
82 116 0 2
82 116 3 5
82 116 6 8
82 116 9 11
82 116 12 14
82 116 15 17
117 81 0 2
117 81 3 5
117 81 6 8
117 81 9 11
117 81 12 14
117 81 15 17
85 119 0 2
85 119 3 5
85 119 6 8
85 119 9 11
85 119 12 14
85 119 15 17
120 84 0 2
120 84 3 5
120 84 6 8
120 84 9 11
120 84 12 14
120 84 15 17
88 122 0 2
88 122 3 5
88 122 6 8
88 122 9 11
88 122 12 14
88 122 15 17
123 87 0 2
123 87 3 5
123 87 6 8
123 87 9 11
123 87 12 14
123 87 15 17
101 125 0 2
101 125 3 5
101 125 6 8
101 125 9 11
101 125 12 14
101 125 15 17
110 111 0 2
110 111 3 5
110 111 6 8
110 111 9 11
110 111 12 14
110 111 15 17
113 126 0 2
113 126 3 5
113 126 6 8
113 126 9 11
113 126 12 14
113 126 15 17
128 92 0 2
128 92 3 5
128 92 6 8
128 92 9 11
128 92 12 14
128 92 15 17
91 129 0 2
91 129 3 5
91 129 6 8
91 129 9 11
91 129 12 14
91 129 15 17
131 95 0 2
131 95 3 5
131 95 6 8
131 95 9 11
131 95 12 14
131 95 15 17
94 132 0 2
94 132 3 5
94 132 6 8
94 132 9 11
94 132 12 14
94 132 15 17
134 98 0 2
134 98 3 5
134 98 6 8
134 98 9 11
134 98 12 14
134 98 15 17
97 135 0 2
97 135 3 5
97 135 6 8
97 135 9 11
97 135 12 14
97 135 15 17
137 108 0 2
137 108 3 5
137 108 6 8
137 108 9 11
137 108 12 14
137 108 15 17
114 116 0 2
114 116 3 5
114 116 6 8
114 116 9 11
114 116 12 14
114 116 15 17
117 119 0 2
117 119 3 5
117 119 6 8
117 119 9 11
117 119 12 14
117 119 15 17
120 122 0 2
120 122 3 5
120 122 6 8
120 122 9 11
120 122 12 14
120 122 15 17
123 125 0 2
123 125 3 5
123 125 6 8
123 125 9 11
123 125 12 14
123 125 15 17
138 100 0 2
138 100 3 5
138 100 6 8
138 100 9 11
138 100 12 14
138 100 15 17
101 140 0 2
101 140 3 5
101 140 6 8
101 140 9 11
101 140 12 14
101 140 15 17
141 103 0 2
141 103 3 5
141 103 6 8
141 103 9 11
141 103 12 14
141 103 15 17
104 143 0 2
104 143 3 5
104 143 6 8
104 143 9 11
104 143 12 14
104 143 15 17
144 106 0 2
144 106 3 5
144 106 6 8
144 106 9 11
144 106 12 14
144 106 15 17
107 146 0 2
107 146 3 5
107 146 6 8
107 146 9 11
107 146 12 14
107 146 15 17
128 126 0 2
128 126 3 5
128 126 6 8
128 126 9 11
128 126 12 14
128 126 15 17
131 129 0 2
131 129 3 5
131 129 6 8
131 129 9 11
131 129 12 14
131 129 15 17
134 132 0 2
134 132 3 5
134 132 6 8
134 132 9 11
134 132 12 14
134 132 15 17
137 135 0 2
137 135 3 5
137 135 6 8
137 135 9 11
137 135 12 14
137 135 15 17
148 108 0 2
148 108 3 5
148 108 6 8
148 108 9 11
148 108 12 14
148 108 15 17
110 149 0 2
110 149 3 5
110 149 6 8
110 149 9 11
110 149 12 14
110 149 15 17
151 111 0 2
151 111 3 5
151 111 6 8
151 111 9 11
151 111 12 14
151 111 15 17
113 152 0 2
113 152 3 5
113 152 6 8
113 152 9 11
113 152 12 14
113 152 15 17
141 140 0 2
141 140 3 5
141 140 6 8
141 140 9 11
141 140 12 14
141 140 15 17
144 143 0 2
144 143 3 5
144 143 6 8
144 143 9 11
144 143 12 14
144 143 15 17
114 154 0 2
114 154 3 5
114 154 6 8
114 154 9 11
114 154 12 14
114 154 15 17
155 146 0 2
155 146 3 5
155 146 6 8
155 146 9 11
155 146 12 14
155 146 15 17
117 157 0 2
117 157 3 5
117 157 6 8
117 157 9 11
117 157 12 14
117 157 15 17
158 116 0 2
158 116 3 5
158 116 6 8
158 116 9 11
158 116 12 14
158 116 15 17
120 160 0 2
120 160 3 5
120 160 6 8
120 160 9 11
120 160 12 14
120 160 15 17
161 119 0 2
161 119 3 5
161 119 6 8
161 119 9 11
161 119 12 14
161 119 15 17
123 163 0 2
123 163 3 5
123 163 6 8
123 163 9 11
123 163 12 14
123 163 15 17
164 122 0 2
164 122 3 5
164 122 6 8
164 122 9 11
164 122 12 14
164 122 15 17
138 166 0 2
138 166 3 5
138 166 6 8
138 166 9 11
138 166 12 14
138 166 15 17
167 125 0 2
167 125 3 5
167 125 6 8
167 125 9 11
167 125 12 14
167 125 15 17
148 149 0 2
148 149 3 5
148 149 6 8
148 149 9 11
148 149 12 14
148 149 15 17
151 152 0 2
151 152 3 5
151 152 6 8
151 152 9 11
151 152 12 14
151 152 15 17
168 126 0 2
168 126 3 5
168 126 6 8
168 126 9 11
168 126 12 14
168 126 15 17
138 169 0 2
138 169 3 5
138 169 6 8
138 169 9 11
138 169 12 14
138 169 15 17
171 129 0 2
171 129 3 5
171 129 6 8
171 129 9 11
171 129 12 14
171 129 15 17
128 172 0 2
128 172 3 5
128 172 6 8
128 172 9 11
128 172 12 14
128 172 15 17
174 132 0 2
174 132 3 5
174 132 6 8
174 132 9 11
174 132 12 14
174 132 15 17
131 175 0 2
131 175 3 5
131 175 6 8
131 175 9 11
131 175 12 14
131 175 15 17
177 135 0 2
177 135 3 5
177 135 6 8
177 135 9 11
177 135 12 14
177 135 15 17
134 178 0 2
134 178 3 5
134 178 6 8
134 178 9 11
134 178 12 14
134 178 15 17
180 146 0 2
180 146 3 5
180 146 6 8
180 146 9 11
180 146 12 14
180 146 15 17
137 181 0 2
137 181 3 5
137 181 6 8
137 181 9 11
137 181 12 14
137 181 15 17
155 157 0 2
155 157 3 5
155 157 6 8
155 157 9 11
155 157 12 14
155 157 15 17
158 160 0 2
158 160 3 5
158 160 6 8
158 160 9 11
158 160 12 14
158 160 15 17
161 163 0 2
161 163 3 5
161 163 6 8
161 163 9 11
161 163 12 14
161 163 15 17
164 166 0 2
164 166 3 5
164 166 6 8
164 166 9 11
164 166 12 14
164 166 15 17
167 181 0 2
167 181 3 5
167 181 6 8
167 181 9 11
167 181 12 14
167 181 15 17
183 140 0 2
183 140 3 5
183 140 6 8
183 140 9 11
183 140 12 14
183 140 15 17
141 185 0 2
141 185 3 5
141 185 6 8
141 185 9 11
141 185 12 14
141 185 15 17
186 143 0 2
186 143 3 5
186 143 6 8
186 143 9 11
186 143 12 14
186 143 15 17
144 188 0 2
144 188 3 5
144 188 6 8
144 188 9 11
144 188 12 14
144 188 15 17
168 154 0 2
168 154 3 5
168 154 6 8
168 154 9 11
168 154 12 14
168 154 15 17
171 169 0 2
171 169 3 5
171 169 6 8
171 169 9 11
171 169 12 14
171 169 15 17
174 172 0 2
174 172 3 5
174 172 6 8
174 172 9 11
174 172 12 14
174 172 15 17
177 175 0 2
177 175 3 5
177 175 6 8
177 175 9 11
177 175 12 14
177 175 15 17
180 178 0 2
180 178 3 5
180 178 6 8
180 178 9 11
180 178 12 14
180 178 15 17
148 189 0 2
148 189 3 5
148 189 6 8
148 189 9 11
148 189 12 14
148 189 15 17
191 149 0 2
191 149 3 5
191 149 6 8
191 149 9 11
191 149 12 14
191 149 15 17
151 192 0 2
151 192 3 5
151 192 6 8
151 192 9 11
151 192 12 14
151 192 15 17
194 152 0 2
194 152 3 5
194 152 6 8
194 152 9 11
194 152 12 14
194 152 15 17
183 181 0 2
183 181 3 5
183 181 6 8
183 181 9 11
183 181 12 14
183 181 15 17
186 185 0 2
186 185 3 5
186 185 6 8
186 185 9 11
186 185 12 14
186 185 15 17
168 188 0 2
168 188 3 5
168 188 6 8
168 188 9 11
168 188 12 14
168 188 15 17
155 166 0 2
155 166 3 5
155 166 6 8
155 166 9 11
155 166 12 14
155 166 15 17
194 154 0 2
194 154 3 5
194 154 6 8
194 154 9 11
194 154 12 14
194 154 15 17
158 196 0 2
158 196 3 5
158 196 6 8
158 196 9 11
158 196 12 14
158 196 15 17
197 157 0 2
197 157 3 5
197 157 6 8
197 157 9 11
197 157 12 14
197 157 15 17
161 199 0 2
161 199 3 5
161 199 6 8
161 199 9 11
161 199 12 14
161 199 15 17
200 160 0 2
200 160 3 5
200 160 6 8
200 160 9 11
200 160 12 14
200 160 15 17
164 202 0 2
164 202 3 5
164 202 6 8
164 202 9 11
164 202 12 14
164 202 15 17
203 163 0 2
203 163 3 5
203 163 6 8
203 163 9 11
203 163 12 14
203 163 15 17
167 189 0 2
167 189 3 5
167 189 6 8
167 189 9 11
167 189 12 14
167 189 15 17
191 192 0 2
191 192 3 5
191 192 6 8
191 192 9 11
191 192 12 14
191 192 15 17
180 169 0 2
180 169 3 5
180 169 6 8
180 169 9 11
180 169 12 14
180 169 15 17
205 172 0 2
205 172 3 5
205 172 6 8
205 172 9 11
205 172 12 14
205 172 15 17
171 206 0 2
171 206 3 5
171 206 6 8
171 206 9 11
171 206 12 14
171 206 15 17
208 175 0 2
208 175 3 5
208 175 6 8
208 175 9 11
208 175 12 14
208 175 15 17
174 209 0 2
174 209 3 5
174 209 6 8
174 209 9 11
174 209 12 14
174 209 15 17
211 178 0 2
211 178 3 5
211 178 6 8
211 178 9 11
211 178 12 14
211 178 15 17
177 212 0 2
177 212 3 5
177 212 6 8
177 212 9 11
177 212 12 14
177 212 15 17
194 196 0 2
194 196 3 5
194 196 6 8
194 196 9 11
194 196 12 14
194 196 15 17
197 199 0 2
197 199 3 5
197 199 6 8
197 199 9 11
197 199 12 14
197 199 15 17
200 202 0 2
200 202 3 5
200 202 6 8
200 202 9 11
200 202 12 14
200 202 15 17
203 189 0 2
203 189 3 5
203 189 6 8
203 189 9 11
203 189 12 14
203 189 15 17
183 212 0 2
183 212 3 5
183 212 6 8
183 212 9 11
183 212 12 14
183 212 15 17
213 185 0 2
213 185 3 5
213 185 6 8
213 185 9 11
213 185 12 14
213 185 15 17
186 215 0 2
186 215 3 5
186 215 6 8
186 215 9 11
186 215 12 14
186 215 15 17
205 188 0 2
205 188 3 5
205 188 6 8
205 188 9 11
205 188 12 14
205 188 15 17
208 206 0 2
208 206 3 5
208 206 6 8
208 206 9 11
208 206 12 14
208 206 15 17
211 209 0 2
211 209 3 5
211 209 6 8
211 209 9 11
211 209 12 14
211 209 15 17
191 216 0 2
191 216 3 5
191 216 6 8
191 216 9 11
191 216 12 14
191 216 15 17
218 192 0 2
218 192 3 5
218 192 6 8
218 192 9 11
218 192 12 14
218 192 15 17
213 212 0 2
213 212 3 5
213 212 6 8
213 212 9 11
213 212 12 14
213 212 15 17
205 215 0 2
205 215 3 5
205 215 6 8
205 215 9 11
205 215 12 14
205 215 15 17
197 202 0 2
197 202 3 5
197 202 6 8
197 202 9 11
197 202 12 14
197 202 15 17
218 196 0 2
218 196 3 5
218 196 6 8
218 196 9 11
218 196 12 14
218 196 15 17
200 220 0 2
200 220 3 5
200 220 6 8
200 220 9 11
200 220 12 14
200 220 15 17
221 199 0 2
221 199 3 5
221 199 6 8
221 199 9 11
221 199 12 14
221 199 15 17
203 216 0 2
203 216 3 5
203 216 6 8
203 216 9 11
203 216 12 14
203 216 15 17
211 206 0 2
211 206 3 5
211 206 6 8
211 206 9 11
211 206 12 14
211 206 15 17
223 209 0 2
223 209 3 5
223 209 6 8
223 209 9 11
223 209 12 14
223 209 15 17
208 224 0 2
208 224 3 5
208 224 6 8
208 224 9 11
208 224 12 14
208 224 15 17
218 220 0 2
218 220 3 5
218 220 6 8
218 220 9 11
218 220 12 14
218 220 15 17
221 216 0 2
221 216 3 5
221 216 6 8
221 216 9 11
221 216 12 14
221 216 15 17
213 224 0 2
213 224 3 5
213 224 6 8
213 224 9 11
213 224 12 14
213 224 15 17
223 215 0 2
223 215 3 5
223 215 6 8
223 215 9 11
223 215 12 14
223 215 15 17
223 224 0 2
223 224 3 5
223 224 6 8
223 224 9 11
223 224 12 14
223 224 15 17
221 220 0 2
221 220 3 5
221 220 6 8
221 220 9 11
221 220 12 14
221 220 15 17