2 1 1 3
2 1 4 6
2 1 7 9
2 1 10 12
2 1 13 15
2 1 16 18
3 1 1 3
3 1 4 6
3 1 7 9
3 1 10 12
3 1 13 15
3 1 16 18
2 5 1 3
2 5 4 6
2 5 7 9
2 5 10 12
2 5 13 15
2 5 16 18
3 6 1 3
3 6 4 6
3 6 7 9
3 6 10 12
3 6 13 15
3 6 16 18
8 1 1 3
8 1 4 6
8 1 7 9
8 1 10 12
8 1 13 15
8 1 16 18
2 10 1 3
2 10 4 6
2 10 7 9
2 10 10 12
2 10 13 15
2 10 16 18
11 5 1 3
11 5 4 6
11 5 7 9
11 5 10 12
11 5 13 15
11 5 16 18
11 6 1 3
11 6 4 6
11 6 7 9
11 6 10 12
11 6 13 15
11 6 16 18
3 12 1 3
3 12 4 6
3 12 7 9
3 12 10 12
3 12 13 15
3 12 16 18
14 10 1 3
14 10 4 6
14 10 7 9
14 10 10 12
14 10 13 15
14 10 16 18
8 16 1 3
8 16 4 6
8 16 7 9
8 16 10 12
8 16 13 15
8 16 16 18
17 5 1 3
17 5 4 6
17 5 7 9
17 5 10 12
17 5 13 15
17 5 16 18
18 6 1 3
18 6 4 6
18 6 7 9
18 6 10 12
18 6 13 15
18 6 16 18
8 19 1 3
8 19 4 6
8 19 7 9
8 19 10 12
8 19 13 15
8 19 16 18
21 12 1 3
21 12 4 6
21 12 7 9
21 12 10 12
21 12 13 15
21 12 16 18
14 16 1 3
14 16 4 6
14 16 7 9
14 16 10 12
14 16 13 15
14 16 16 18
17 23 1 3
17 23 4 6
17 23 7 9
17 23 10 12
17 23 13 15
17 23 16 18
24 10 1 3
24 10 4 6
24 10 7 9
24 10 10 12
24 10 13 15
24 10 16 18
11 26 1 3
11 26 4 6
11 26 7 9
11 26 10 12
11 26 13 15
11 26 16 18
21 19 1 3
21 19 4 6
21 19 7 9
21 19 10 12
21 19 13 15
21 19 16 18
28 12 1 3
28 12 4 6
28 12 7 9
28 12 10 12
28 12 13 15
28 12 16 18
18 29 1 3
18 29 4 6
18 29 7 9
18 29 10 12
18 29 13 15
18 29 16 18
24 23 1 3
24 23 4 6
24 23 7 9
24 23 10 12
24 23 13 15
24 23 16 18
14 29 1 3
14 29 4 6
14 29 7 9
14 29 10 12
14 29 13 15
14 29 16 18
30 26 1 3
30 26 4 6
30 26 7 9
30 26 10 12
30 26 13 15
30 26 16 18
17 32 1 3
17 32 4 6
17 32 7 9
17 32 10 12
17 32 13 15
17 32 16 18
30 16 1 3
30 16 4 6
30 16 7 9
30 16 10 12
30 16 13 15
30 16 16 18
28 29 1 3
28 29 4 6
28 29 7 9
28 29 10 12
28 29 13 15
28 29 16 18
33 19 1 3
33 19 4 6
33 19 7 9
33 19 10 12
33 19 13 15
33 19 16 18
18 34 1 3
18 34 4 6
18 34 7 9
18 34 10 12
18 34 13 15
18 34 16 18
33 26 1 3
33 26 4 6
33 26 7 9
33 26 10 12
33 26 13 15
33 26 16 18
21 23 1 3
21 23 4 6
21 23 7 9
21 23 10 12
21 23 13 15
21 23 16 18
30 32 1 3
30 32 4 6
30 32 7 9
30 32 10 12
30 32 13 15
30 32 16 18
24 34 1 3
24 34 4 6
24 34 7 9
24 34 10 12
24 34 13 15
24 34 16 18
33 34 1 3
33 34 4 6
33 34 7 9
33 34 10 12
33 34 13 15
33 34 16 18
28 32 1 3
28 32 4 6
28 32 7 9
28 32 10 12
28 32 13 15
28 32 16 18
0 2 2 4
0 2 5 7
0 2 8 10
0 2 11 13
0 2 14 16
0 2 17 19
0 3 2 4
0 3 5 7
0 3 8 10
0 3 11 13
0 3 14 16
0 3 17 19
4 2 2 4
4 2 5 7
4 2 8 10
4 2 11 13
4 2 14 16
4 2 17 19
7 3 2 4
7 3 5 7
7 3 8 10
7 3 11 13
7 3 14 16
7 3 17 19
4 8 2 4
4 8 5 7
4 8 8 10
4 8 11 13
4 8 14 16
4 8 17 19
9 2 2 4
9 2 5 7
9 2 8 10
9 2 11 13
9 2 14 16
9 2 17 19
0 11 2 4
0 11 5 7
0 11 8 10
0 11 11 13
0 11 14 16
0 11 17 19
13 3 2 4
13 3 5 7
13 3 8 10
13 3 11 13
13 3 14 16
13 3 17 19
7 8 2 4
7 8 5 7
7 8 8 10
7 8 11 13
7 8 14 16
7 8 17 19
4 14 2 4
4 14 5 7
4 14 8 10
4 14 11 13
4 14 14 16
4 14 17 19
15 11 2 4
15 11 5 7
15 11 8 10
15 11 11 13
15 11 14 16
15 11 17 19
9 17 2 4
9 17 5 7
9 17 8 10
9 17 11 13
9 17 14 16
9 17 17 19
13 18 2 4
13 18 5 7
13 18 8 10
13 18 11 13
13 18 14 16
13 18 17 19
20 11 2 4
20 11 5 7
20 11 8 10
20 11 11 13
20 11 14 16
20 11 17 19
7 21 2 4
7 21 5 7
7 21 8 10
7 21 11 13
7 21 14 16
7 21 17 19
15 17 2 4
15 17 5 7
15 17 8 10
15 17 11 13
15 17 14 16
15 17 17 19
22 8 2 4
22 8 5 7
22 8 8 10
22 8 11 13
22 8 14 16
22 8 17 19
9 24 2 4
9 24 5 7
9 24 8 10
9 24 11 13
9 24 14 16
9 24 17 19
25 14 2 4
25 14 5 7
25 14 8 10
25 14 11 13
25 14 14 16
25 14 17 19
20 18 2 4
20 18 5 7
20 18 8 10
20 18 11 13
20 18 14 16
20 18 17 19
27 21 2 4
27 21 5 7
27 21 8 10
27 21 11 13
27 21 14 16
27 21 17 19
13 28 2 4
13 28 5 7
13 28 8 10
13 28 11 13
13 28 14 16
13 28 17 19
25 24 2 4
25 24 5 7
25 24 8 10
25 24 11 13
25 24 14 16
25 24 17 19
15 30 2 4
15 30 5 7
15 30 8 10
15 30 11 13
15 30 14 16
15 30 17 19
31 14 2 4
31 14 5 7
31 14 8 10
31 14 11 13
31 14 14 16
31 14 17 19
22 30 2 4
22 30 5 7
22 30 8 10
22 30 11 13
22 30 14 16
22 30 17 19
27 17 2 4
27 17 5 7
27 17 8 10
27 17 11 13
27 17 14 16
27 17 17 19
27 28 2 4
27 28 5 7
27 28 8 10
27 28 11 13
27 28 14 16
27 28 17 19
25 18 2 4
25 18 5 7
25 18 8 10
25 18 11 13
25 18 14 16
25 18 17 19
22 33 2 4
22 33 5 7
22 33 8 10
22 33 11 13
22 33 14 16
22 33 17 19
35 21 2 4
35 21 5 7
35 21 8 10
35 21 11 13
35 21 14 16
35 21 17 19
20 33 2 4
20 33 5 7
20 33 8 10
20 33 11 13
20 33 14 16
20 33 17 19
31 30 2 4
31 30 5 7
31 30 8 10
31 30 11 13
31 30 14 16
31 30 17 19
35 24 2 4
35 24 5 7
35 24 8 10
35 24 11 13
35 24 14 16
35 24 17 19
35 33 2 4
35 33 5 7
35 33 8 10
35 33 11 13
35 33 14 16
35 33 17 19
31 28 2 4
31 28 5 7
31 28 8 10
31 28 11 13
31 28 14 16
31 28 17 19
1 0 0 2
1 0 3 5
1 0 6 8
1 0 9 11
1 0 12 14
1 0 15 17
1 4 0 2
1 4 3 5
1 4 6 8
1 4 9 11
1 4 12 14
1 4 15 17
5 0 0 2
5 0 3 5
5 0 6 8
5 0 9 11
5 0 12 14
5 0 15 17
6 0 0 2
6 0 3 5
6 0 6 8
6 0 9 11
6 0 12 14
6 0 15 17
1 7 0 2
1 7 3 5
1 7 6 8
1 7 9 11
1 7 12 14
1 7 15 17
5 9 0 2
5 9 3 5
5 9 6 8
5 9 9 11
5 9 12 14
5 9 15 17
10 4 0 2
10 4 3 5
10 4 6 8
10 4 9 11
10 4 12 14
10 4 15 17
12 7 0 2
12 7 3 5
12 7 6 8
12 7 9 11
12 7 12 14
12 7 15 17
6 13 0 2
6 13 3 5
6 13 6 8
6 13 9 11
6 13 12 14
6 13 15 17
10 9 0 2
10 9 3 5
10 9 6 8
10 9 9 11
10 9 12 14
10 9 15 17
5 15 0 2
5 15 3 5
5 15 6 8
5 15 9 11
5 15 12 14
5 15 15 17
16 4 0 2
16 4 3 5
16 4 6 8
16 4 9 11
16 4 12 14
16 4 15 17
12 13 0 2
12 13 3 5
12 13 6 8
12 13 9 11
12 13 12 14
12 13 15 17
19 7 0 2
19 7 3 5
19 7 6 8
19 7 9 11
19 7 12 14
19 7 15 17
6 20 0 2
6 20 3 5
6 20 6 8
6 20 9 11
6 20 12 14
6 20 15 17
16 22 0 2
16 22 3 5
16 22 6 8
16 22 9 11
16 22 12 14
16 22 15 17
23 9 0 2
23 9 3 5
23 9 6 8
23 9 9 11
23 9 12 14
23 9 15 17
10 25 0 2
10 25 3 5
10 25 6 8
10 25 9 11
10 25 12 14
10 25 15 17
26 15 0 2
26 15 3 5
26 15 6 8
26 15 9 11
26 15 12 14
26 15 15 17
26 20 0 2
26 20 3 5
26 20 6 8
26 20 9 11
26 20 12 14
26 20 15 17
12 27 0 2
12 27 3 5
12 27 6 8
12 27 9 11
12 27 12 14
12 27 15 17
29 13 0 2
29 13 3 5
29 13 6 8
29 13 9 11
29 13 12 14
29 13 15 17
19 22 0 2
19 22 3 5
19 22 6 8
19 22 9 11
19 22 12 14
19 22 15 17
29 25 0 2
29 25 3 5
29 25 6 8
29 25 9 11
29 25 12 14
29 25 15 17
16 31 0 2
16 31 3 5
16 31 6 8
16 31 9 11
16 31 12 14
16 31 15 17
32 15 0 2
32 15 3 5
32 15 6 8
32 15 9 11
32 15 12 14
32 15 15 17
23 27 0 2
23 27 3 5
23 27 6 8
23 27 9 11
23 27 12 14
23 27 15 17
34 20 0 2
34 20 3 5
34 20 6 8
34 20 9 11
34 20 12 14
34 20 15 17
19 35 0 2
19 35 3 5
19 35 6 8
19 35 9 11
19 35 12 14
19 35 15 17
29 31 0 2
29 31 3 5
29 31 6 8
29 31 9 11
29 31 12 14
29 31 15 17
32 27 0 2
32 27 3 5
32 27 6 8
32 27 9 11
32 27 12 14
32 27 15 17
26 22 0 2
26 22 3 5
26 22 6 8
26 22 9 11
26 22 12 14
26 22 15 17
23 35 0 2
23 35 3 5
23 35 6 8
23 35 9 11
23 35 12 14
23 35 15 17
34 25 0 2
34 25 3 5
34 25 6 8
34 25 9 11
34 25 12 14
34 25 15 17
34 35 0 2
34 35 3 5
34 35 6 8
34 35 9 11
34 35 12 14
34 35 15 17
32 31 0 2
32 31 3 5
32 31 6 8
32 31 9 11
32 31 12 14
32 31 15 17