2 1 1 3
2 1 4 6
2 1 7 9
2 1 10 12
2 1 13 15
2 1 16 18
3 1 1 3
3 1 4 6
3 1 7 9
3 1 10 12
3 1 13 15
3 1 16 18
2 5 1 3
2 5 4 6
2 5 7 9
2 5 10 12
2 5 13 15
2 5 16 18
3 6 1 3
3 6 4 6
3 6 7 9
3 6 10 12
3 6 13 15
3 6 16 18
8 1 1 3
8 1 4 6
8 1 7 9
8 1 10 12
8 1 13 15
8 1 16 18
2 10 1 3
2 10 4 6
2 10 7 9
2 10 10 12
2 10 13 15
2 10 16 18
11 5 1 3
11 5 4 6
11 5 7 9
11 5 10 12
11 5 13 15
11 5 16 18
11 6 1 3
11 6 4 6
11 6 7 9
11 6 10 12
11 6 13 15
11 6 16 18
3 12 1 3
3 12 4 6
3 12 7 9
3 12 10 12
3 12 13 15
3 12 16 18
14 10 1 3
14 10 4 6
14 10 7 9
14 10 10 12
14 10 13 15
14 10 16 18
8 16 1 3
8 16 4 6
8 16 7 9
8 16 10 12
8 16 13 15
8 16 16 18
17 5 1 3
17 5 4 6
17 5 7 9
17 5 10 12
17 5 13 15
17 5 16 18
18 6 1 3
18 6 4 6
18 6 7 9
18 6 10 12
18 6 13 15
18 6 16 18
8 19 1 3
8 19 4 6
8 19 7 9
8 19 10 12
8 19 13 15
8 19 16 18
21 12 1 3
21 12 4 6
21 12 7 9
21 12 10 12
21 12 13 15
21 12 16 18
14 16 1 3
14 16 4 6
14 16 7 9
14 16 10 12
14 16 13 15
14 16 16 18
17 23 1 3
17 23 4 6
17 23 7 9
17 23 10 12
17 23 13 15
17 23 16 18
24 10 1 3
24 10 4 6
24 10 7 9
24 10 10 12
24 10 13 15
24 10 16 18
11 26 1 3
11 26 4 6
11 26 7 9
11 26 10 12
11 26 13 15
11 26 16 18
21 19 1 3
21 19 4 6
21 19 7 9
21 19 10 12
21 19 13 15
21 19 16 18
28 12 1 3
28 12 4 6
28 12 7 9
28 12 10 12
28 12 13 15
28 12 16 18
18 29 1 3
18 29 4 6
18 29 7 9
18 29 10 12
18 29 13 15
18 29 16 18
24 23 1 3
24 23 4 6
24 23 7 9
24 23 10 12
24 23 13 15
24 23 16 18
14 30 1 3
14 30 4 6
14 30 7 9
14 30 10 12
14 30 13 15
14 30 16 18
31 26 1 3
31 26 4 6
31 26 7 9
31 26 10 12
31 26 13 15
31 26 16 18
17 33 1 3
17 33 4 6
17 33 7 9
17 33 10 12
17 33 13 15
17 33 16 18
34 16 1 3
34 16 4 6
34 16 7 9
34 16 10 12
34 16 13 15
34 16 16 18
28 29 1 3
28 29 4 6
28 29 7 9
28 29 10 12
28 29 13 15
28 29 16 18
37 19 1 3
37 19 4 6
37 19 7 9
37 19 10 12
37 19 13 15
37 19 16 18
18 38 1 3
18 38 4 6
18 38 7 9
18 38 10 12
18 38 13 15
18 38 16 18
40 26 1 3
40 26 4 6
40 26 7 9
40 26 10 12
40 26 13 15
40 26 16 18
21 41 1 3
21 41 4 6
21 41 7 9
21 41 10 12
21 41 13 15
21 41 16 18
31 33 1 3
31 33 4 6
31 33 7 9
31 33 10 12
31 33 13 15
31 33 16 18
34 42 1 3
34 42 4 6
34 42 7 9
34 42 10 12
34 42 13 15
34 42 16 18
43 23 1 3
43 23 4 6
43 23 7 9
43 23 10 12
43 23 13 15
43 23 16 18
24 45 1 3
24 45 4 6
24 45 7 9
24 45 10 12
24 45 13 15
24 45 16 18
46 30 1 3
46 30 4 6
46 30 7 9
46 30 10 12
46 30 13 15
46 30 16 18
40 38 1 3
40 38 4 6
40 38 7 9
40 38 10 12
40 38 13 15
40 38 16 18
48 41 1 3
48 41 4 6
48 41 7 9
48 41 10 12
48 41 13 15
48 41 16 18
28 49 1 3
28 49 4 6
28 49 7 9
28 49 10 12
28 49 13 15
28 49 16 18
51 29 1 3
51 29 4 6
51 29 7 9
51 29 10 12
51 29 13 15
51 29 16 18
37 42 1 3
37 42 4 6
37 42 7 9
37 42 10 12
37 42 13 15
37 42 16 18
46 45 1 3
46 45 4 6
46 45 7 9
46 45 10 12
46 45 13 15
46 45 16 18
31 53 1 3
31 53 4 6
31 53 7 9
31 53 10 12
31 53 13 15
31 53 16 18
54 30 1 3
54 30 4 6
54 30 7 9
54 30 10 12
54 30 13 15
54 30 16 18
34 56 1 3
34 56 4 6
34 56 7 9
34 56 10 12
34 56 13 15
34 56 16 18
57 33 1 3
57 33 4 6
57 33 7 9
57 33 10 12
57 33 13 15
57 33 16 18
43 59 1 3
43 59 4 6
43 59 7 9
43 59 10 12
43 59 13 15
43 59 16 18
48 49 1 3
48 49 4 6
48 49 7 9
48 49 10 12
48 49 13 15
48 49 16 18
51 60 1 3
51 60 4 6
51 60 7 9
51 60 10 12
51 60 13 15
51 60 16 18
62 38 1 3
62 38 4 6
62 38 7 9
62 38 10 12
62 38 13 15
62 38 16 18
37 63 1 3
37 63 4 6
37 63 7 9
37 63 10 12
37 63 13 15
37 63 16 18
65 41 1 3
65 41 4 6
65 41 7 9
65 41 10 12
65 41 13 15
65 41 16 18
40 66 1 3
40 66 4 6
40 66 7 9
40 66 10 12
40 66 13 15
40 66 16 18
54 56 1 3
54 56 4 6
54 56 7 9
54 56 10 12
54 56 13 15
54 56 16 18
57 59 1 3
57 59 4 6
57 59 7 9
57 59 10 12
57 59 13 15
57 59 16 18
68 42 1 3
68 42 4 6
68 42 7 9
68 42 10 12
68 42 13 15
68 42 16 18
43 70 1 3
43 70 4 6
43 70 7 9
43 70 10 12
43 70 13 15
43 70 16 18
71 45 1 3
71 45 4 6
71 45 7 9
71 45 10 12
71 45 13 15
71 45 16 18
46 73 1 3
46 73 4 6
46 73 7 9
46 73 10 12
46 73 13 15
46 73 16 18
74 53 1 3
74 53 4 6
74 53 7 9
74 53 10 12
74 53 13 15
74 53 16 18
62 60 1 3
62 60 4 6
62 60 7 9
62 60 10 12
62 60 13 15
62 60 16 18
65 63 1 3
65 63 4 6
65 63 7 9
65 63 10 12
65 63 13 15
65 63 16 18
74 66 1 3
74 66 4 6
74 66 7 9
74 66 10 12
74 66 13 15
74 66 16 18
48 75 1 3
48 75 4 6
48 75 7 9
48 75 10 12
48 75 13 15
48 75 16 18
77 49 1 3
77 49 4 6
77 49 7 9
77 49 10 12
77 49 13 15
77 49 16 18
51 78 1 3
51 78 4 6
51 78 7 9
51 78 10 12
51 78 13 15
51 78 16 18
71 70 1 3
71 70 4 6
71 70 7 9
71 70 10 12
71 70 13 15
71 70 16 18
80 73 1 3
80 73 4 6
80 73 7 9
80 73 10 12
80 73 13 15
80 73 16 18
54 82 1 3
54 82 4 6
54 82 7 9
54 82 10 12
54 82 13 15
54 82 16 18
83 53 1 3
83 53 4 6
83 53 7 9
83 53 10 12
83 53 13 15
83 53 16 18
57 85 1 3
57 85 4 6
57 85 7 9
57 85 10 12
57 85 13 15
57 85 16 18
86 56 1 3
86 56 4 6
86 56 7 9
86 56 10 12
86 56 13 15
86 56 16 18
68 88 1 3
68 88 4 6
68 88 7 9
68 88 10 12
68 88 13 15
68 88 16 18
89 59 1 3
89 59 4 6
89 59 7 9
89 59 10 12
89 59 13 15
89 59 16 18
77 78 1 3
77 78 4 6
77 78 7 9
77 78 10 12
77 78 13 15
77 78 16 18
80 60 1 3
80 60 4 6
80 60 7 9
80 60 10 12
80 60 13 15
80 60 16 18
68 90 1 3
68 90 4 6
68 90 7 9
68 90 10 12
68 90 13 15
68 90 16 18
92 63 1 3
92 63 4 6
92 63 7 9
92 63 10 12
92 63 13 15
92 63 16 18
62 93 1 3
62 93 4 6
62 93 7 9
62 93 10 12
62 93 13 15
62 93 16 18
95 66 1 3
95 66 4 6
95 66 7 9
95 66 10 12
95 66 13 15
95 66 16 18
65 96 1 3
65 96 4 6
65 96 7 9
65 96 10 12
65 96 13 15
65 96 16 18
98 75 1 3
98 75 4 6
98 75 7 9
98 75 10 12
98 75 13 15
98 75 16 18
80 82 1 3
80 82 4 6
80 82 7 9
80 82 10 12
80 82 13 15
80 82 16 18
83 85 1 3
83 85 4 6
83 85 7 9
83 85 10 12
83 85 13 15
83 85 16 18
86 88 1 3
86 88 4 6
86 88 7 9
86 88 10 12
86 88 13 15
86 88 16 18
89 75 1 3
89 75 4 6
89 75 7 9
89 75 10 12
89 75 13 15
89 75 16 18
98 70 1 3
98 70 4 6
98 70 7 9
98 70 10 12
98 70 13 15
98 70 16 18
71 100 1 3
71 100 4 6
71 100 7 9
71 100 10 12
71 100 13 15
71 100 16 18
101 73 1 3
101 73 4 6
101 73 7 9
101 73 10 12
101 73 13 15
101 73 16 18
74 90 1 3
74 90 4 6
74 90 7 9
74 90 10 12
74 90 13 15
74 90 16 18
92 90 1 3
92 90 4 6
92 90 7 9
92 90 10 12
92 90 13 15
92 90 16 18
95 93 1 3
95 93 4 6
95 93 7 9
95 93 10 12
95 93 13 15
95 93 16 18
98 96 1 3
98 96 4 6
98 96 7 9
98 96 10 12
98 96 13 15
98 96 16 18
77 102 1 3
77 102 4 6
77 102 7 9
77 102 10 12
77 102 13 15
77 102 16 18
104 78 1 3
104 78 4 6
104 78 7 9
104 78 10 12
104 78 13 15
104 78 16 18
101 100 1 3
101 100 4 6
101 100 7 9
101 100 10 12
101 100 13 15
101 100 16 18
83 88 1 3
83 88 4 6
83 88 7 9
83 88 10 12
83 88 13 15
83 88 16 18
104 82 1 3
104 82 4 6
104 82 7 9
104 82 10 12
104 82 13 15
104 82 16 18
86 106 1 3
86 106 4 6
86 106 7 9
86 106 10 12
86 106 13 15
86 106 16 18
107 85 1 3
107 85 4 6
107 85 7 9
107 85 10 12
107 85 13 15
107 85 16 18
89 102 1 3
89 102 4 6
89 102 7 9
89 102 10 12
89 102 13 15
89 102 16 18
101 93 1 3
101 93 4 6
101 93 7 9
101 93 10 12
101 93 13 15
101 93 16 18
92 108 1 3
92 108 4 6
92 108 7 9
92 108 10 12
92 108 13 15
92 108 16 18
110 96 1 3
110 96 4 6
110 96 7 9
110 96 10 12
110 96 13 15
110 96 16 18
95 108 1 3
95 108 4 6
95 108 7 9
95 108 10 12
95 108 13 15
95 108 16 18
104 106 1 3
104 106 4 6
104 106 7 9
104 106 10 12
104 106 13 15
104 106 16 18
107 102 1 3
107 102 4 6
107 102 7 9
107 102 10 12
107 102 13 15
107 102 16 18
110 100 1 3
110 100 4 6
110 100 7 9
110 100 10 12
110 100 13 15
110 100 16 18
110 108 1 3
110 108 4 6
110 108 7 9
110 108 10 12
110 108 13 15
110 108 16 18
107 106 1 3
107 106 4 6
107 106 7 9
107 106 10 12
107 106 13 15
107 106 16 18
0 2 2 4
0 2 5 7
0 2 8 10
0 2 11 13
0 2 14 16
0 2 17 19
0 3 2 4
0 3 5 7
0 3 8 10
0 3 11 13
0 3 14 16
0 3 17 19
4 2 2 4
4 2 5 7
4 2 8 10
4 2 11 13
4 2 14 16
4 2 17 19
7 3 2 4
7 3 5 7
7 3 8 10
7 3 11 13
7 3 14 16
7 3 17 19
4 8 2 4
4 8 5 7
4 8 8 10
4 8 11 13
4 8 14 16
4 8 17 19
9 2 2 4
9 2 5 7
9 2 8 10
9 2 11 13
9 2 14 16
9 2 17 19
0 11 2 4
0 11 5 7
0 11 8 10
0 11 11 13
0 11 14 16
0 11 17 19
13 3 2 4
13 3 5 7
13 3 8 10
13 3 11 13
13 3 14 16
13 3 17 19
7 8 2 4
7 8 5 7
7 8 8 10
7 8 11 13
7 8 14 16
7 8 17 19
4 14 2 4
4 14 5 7
4 14 8 10
4 14 11 13
4 14 14 16
4 14 17 19
15 11 2 4
15 11 5 7
15 11 8 10
15 11 11 13
15 11 14 16
15 11 17 19
9 17 2 4
9 17 5 7
9 17 8 10
9 17 11 13
9 17 14 16
9 17 17 19
13 18 2 4
13 18 5 7
13 18 8 10
13 18 11 13
13 18 14 16
13 18 17 19
20 11 2 4
20 11 5 7
20 11 8 10
20 11 11 13
20 11 14 16
20 11 17 19
7 21 2 4
7 21 5 7
7 21 8 10
7 21 11 13
7 21 14 16
7 21 17 19
15 17 2 4
15 17 5 7
15 17 8 10
15 17 11 13
15 17 14 16
15 17 17 19
22 8 2 4
22 8 5 7
22 8 8 10
22 8 11 13
22 8 14 16
22 8 17 19
9 24 2 4
9 24 5 7
9 24 8 10
9 24 11 13
9 24 14 16
9 24 17 19
25 14 2 4
25 14 5 7
25 14 8 10
25 14 11 13
25 14 14 16
25 14 17 19
20 18 2 4
20 18 5 7
20 18 8 10
20 18 11 13
20 18 14 16
20 18 17 19
27 21 2 4
27 21 5 7
27 21 8 10
27 21 11 13
27 21 14 16
27 21 17 19
13 28 2 4
13 28 5 7
13 28 8 10
13 28 11 13
13 28 14 16
13 28 17 19
25 24 2 4
25 24 5 7
25 24 8 10
25 24 11 13
25 24 14 16
25 24 17 19
15 31 2 4
15 31 5 7
15 31 8 10
15 31 11 13
15 31 14 16
15 31 17 19
32 14 2 4
32 14 5 7
32 14 8 10
32 14 11 13
32 14 14 16
32 14 17 19
22 34 2 4
22 34 5 7
22 34 8 10
22 34 11 13
22 34 14 16
22 34 17 19
35 17 2 4
35 17 5 7
35 17 8 10
35 17 11 13
35 17 14 16
35 17 17 19
27 28 2 4
27 28 5 7
27 28 8 10
27 28 11 13
27 28 14 16
27 28 17 19
36 18 2 4
36 18 5 7
36 18 8 10
36 18 11 13
36 18 14 16
36 18 17 19
22 37 2 4
22 37 5 7
22 37 8 10
22 37 11 13
22 37 14 16
22 37 17 19
39 21 2 4
39 21 5 7
39 21 8 10
39 21 11 13
39 21 14 16
39 21 17 19
20 40 2 4
20 40 5 7
20 40 8 10
20 40 11 13
20 40 14 16
20 40 17 19
32 34 2 4
32 34 5 7
32 34 8 10
32 34 11 13
32 34 14 16
32 34 17 19
35 43 2 4
35 43 5 7
35 43 8 10
35 43 11 13
35 43 14 16
35 43 17 19
44 24 2 4
44 24 5 7
44 24 8 10
44 24 11 13
44 24 14 16
44 24 17 19
25 46 2 4
25 46 5 7
25 46 8 10
25 46 11 13
25 46 14 16
25 46 17 19
47 31 2 4
47 31 5 7
47 31 8 10
47 31 11 13
47 31 14 16
47 31 17 19
39 37 2 4
39 37 5 7
39 37 8 10
39 37 11 13
39 37 14 16
39 37 17 19
47 40 2 4
47 40 5 7
47 40 8 10
47 40 11 13
47 40 14 16
47 40 17 19
27 48 2 4
27 48 5 7
27 48 8 10
27 48 11 13
27 48 14 16
27 48 17 19
50 28 2 4
50 28 5 7
50 28 8 10
50 28 11 13
50 28 14 16
50 28 17 19
36 51 2 4
36 51 5 7
36 51 8 10
36 51 11 13
36 51 14 16
36 51 17 19
44 43 2 4
44 43 5 7
44 43 8 10
44 43 11 13
44 43 14 16
44 43 17 19
52 46 2 4
52 46 5 7
52 46 8 10
52 46 11 13
52 46 14 16
52 46 17 19
32 54 2 4
32 54 5 7
32 54 8 10
32 54 11 13
32 54 14 16
32 54 17 19
55 31 2 4
55 31 5 7
55 31 8 10
55 31 11 13
55 31 14 16
55 31 17 19
35 57 2 4
35 57 5 7
35 57 8 10
35 57 11 13
35 57 14 16
35 57 17 19
58 34 2 4
58 34 5 7
58 34 8 10
58 34 11 13
58 34 14 16
58 34 17 19
50 51 2 4
50 51 5 7
50 51 8 10
50 51 11 13
50 51 14 16
50 51 17 19
61 37 2 4
61 37 5 7
61 37 8 10
61 37 11 13
61 37 14 16
61 37 17 19
36 62 2 4
36 62 5 7
36 62 8 10
36 62 11 13
36 62 14 16
36 62 17 19
64 40 2 4
64 40 5 7
64 40 8 10
64 40 11 13
64 40 14 16
64 40 17 19
39 65 2 4
39 65 5 7
39 65 8 10
39 65 11 13
39 65 14 16
39 65 17 19
67 48 2 4
67 48 5 7
67 48 8 10
67 48 11 13
67 48 14 16
67 48 17 19
52 54 2 4
52 54 5 7
52 54 8 10
52 54 11 13
52 54 14 16
52 54 17 19
55 57 2 4
55 57 5 7
55 57 8 10
55 57 11 13
55 57 14 16
55 57 17 19
58 68 2 4
58 68 5 7
58 68 8 10
58 68 11 13
58 68 14 16
58 68 17 19
69 43 2 4
69 43 5 7
69 43 8 10
69 43 11 13
69 43 14 16
69 43 17 19
44 71 2 4
44 71 5 7
44 71 8 10
44 71 11 13
44 71 14 16
44 71 17 19
72 46 2 4
72 46 5 7
72 46 8 10
72 46 11 13
72 46 14 16
72 46 17 19
47 74 2 4
47 74 5 7
47 74 8 10
47 74 11 13
47 74 14 16
47 74 17 19
64 62 2 4
64 62 5 7
64 62 8 10
64 62 11 13
64 62 14 16
64 62 17 19
67 65 2 4
67 65 5 7
67 65 8 10
67 65 11 13
67 65 14 16
67 65 17 19
76 48 2 4
76 48 5 7
76 48 8 10
76 48 11 13
76 48 14 16
76 48 17 19
50 77 2 4
50 77 5 7
50 77 8 10
50 77 11 13
50 77 14 16
50 77 17 19
79 51 2 4
79 51 5 7
79 51 8 10
79 51 11 13
79 51 14 16
79 51 17 19
61 68 2 4
61 68 5 7
61 68 8 10
61 68 11 13
61 68 14 16
61 68 17 19
72 71 2 4
72 71 5 7
72 71 8 10
72 71 11 13
72 71 14 16
72 71 17 19
52 80 2 4
52 80 5 7
52 80 8 10
52 80 11 13
52 80 14 16
52 80 17 19
81 74 2 4
81 74 5 7
81 74 8 10
81 74 11 13
81 74 14 16
81 74 17 19
55 83 2 4
55 83 5 7
55 83 8 10
55 83 11 13
55 83 14 16
55 83 17 19
84 54 2 4
84 54 5 7
84 54 8 10
84 54 11 13
84 54 14 16
84 54 17 19
58 86 2 4
58 86 5 7
58 86 8 10
58 86 11 13
58 86 14 16
58 86 17 19
87 57 2 4
87 57 5 7
87 57 8 10
87 57 11 13
87 57 14 16
87 57 17 19
69 89 2 4
69 89 5 7
69 89 8 10
69 89 11 13
69 89 14 16
69 89 17 19
76 77 2 4
76 77 5 7
76 77 8 10
76 77 11 13
76 77 14 16
76 77 17 19
79 80 2 4
79 80 5 7
79 80 8 10
79 80 11 13
79 80 14 16
79 80 17 19
91 62 2 4
91 62 5 7
91 62 8 10
91 62 11 13
91 62 14 16
91 62 17 19
61 92 2 4
61 92 5 7
61 92 8 10
61 92 11 13
61 92 14 16
61 92 17 19
94 65 2 4
94 65 5 7
94 65 8 10
94 65 11 13
94 65 14 16
94 65 17 19
64 95 2 4
64 95 5 7
64 95 8 10
64 95 11 13
64 95 14 16
64 95 17 19
97 74 2 4
97 74 5 7
97 74 8 10
97 74 11 13
97 74 14 16
97 74 17 19
67 98 2 4
67 98 5 7
67 98 8 10
67 98 11 13
67 98 14 16
67 98 17 19
81 83 2 4
81 83 5 7
81 83 8 10
81 83 11 13
81 83 14 16
81 83 17 19
84 86 2 4
84 86 5 7
84 86 8 10
84 86 11 13
84 86 14 16
84 86 17 19
87 89 2 4
87 89 5 7
87 89 8 10
87 89 11 13
87 89 14 16
87 89 17 19
81 68 2 4
81 68 5 7
81 68 8 10
81 68 11 13
81 68 14 16
81 68 17 19
69 98 2 4
69 98 5 7
69 98 8 10
69 98 11 13
69 98 14 16
69 98 17 19
99 71 2 4
99 71 5 7
99 71 8 10
99 71 11 13
99 71 14 16
99 71 17 19
72 101 2 4
72 101 5 7
72 101 8 10
72 101 11 13
72 101 14 16
72 101 17 19
91 80 2 4
91 80 5 7
91 80 8 10
91 80 11 13
91 80 14 16
91 80 17 19
94 92 2 4
94 92 5 7
94 92 8 10
94 92 11 13
94 92 14 16
94 92 17 19
97 95 2 4
97 95 5 7
97 95 8 10
97 95 11 13
97 95 14 16
97 95 17 19
76 89 2 4
76 89 5 7
76 89 8 10
76 89 11 13
76 89 14 16
76 89 17 19
103 77 2 4
103 77 5 7
103 77 8 10
103 77 11 13
103 77 14 16
103 77 17 19
79 104 2 4
79 104 5 7
79 104 8 10
79 104 11 13
79 104 14 16
79 104 17 19
99 98 2 4
99 98 5 7
99 98 8 10
99 98 11 13
99 98 14 16
99 98 17 19
91 101 2 4
91 101 5 7
91 101 8 10
91 101 11 13
91 101 14 16
91 101 17 19
84 104 2 4
84 104 5 7
84 104 8 10
84 104 11 13
84 104 14 16
84 104 17 19
105 83 2 4
105 83 5 7
105 83 8 10
105 83 11 13
105 83 14 16
105 83 17 19
87 107 2 4
87 107 5 7
87 107 8 10
87 107 11 13
87 107 14 16
87 107 17 19
105 86 2 4
105 86 5 7
105 86 8 10
105 86 11 13
105 86 14 16
105 86 17 19
103 104 2 4
103 104 5 7
103 104 8 10
103 104 11 13
103 104 14 16
103 104 17 19
97 92 2 4
97 92 5 7
97 92 8 10
97 92 11 13
97 92 14 16
97 92 17 19
109 95 2 4
109 95 5 7
109 95 8 10
109 95 11 13
109 95 14 16
109 95 17 19
94 110 2 4
94 110 5 7
94 110 8 10
94 110 11 13
94 110 14 16
94 110 17 19
105 107 2 4
105 107 5 7
105 107 8 10
105 107 11 13
105 107 14 16
105 107 17 19
99 110 2 4
99 110 5 7
99 110 8 10
99 110 11 13
99 110 14 16
99 110 17 19
109 101 2 4
109 101 5 7
109 101 8 10
109 101 11 13
109 101 14 16
109 101 17 19
103 107 2 4
103 107 5 7
103 107 8 10
103 107 11 13
103 107 14 16
103 107 17 19
109 110 2 4
109 110 5 7
109 110 8 10
109 110 11 13
109 110 14 16
109 110 17 19
1 0 0 2
1 0 3 5
1 0 6 8
1 0 9 11
1 0 12 14
1 0 15 17
1 4 0 2
1 4 3 5
1 4 6 8
1 4 9 11
1 4 12 14
1 4 15 17
5 0 0 2
5 0 3 5
5 0 6 8
5 0 9 11
5 0 12 14
5 0 15 17
6 0 0 2
6 0 3 5
6 0 6 8
6 0 9 11
6 0 12 14
6 0 15 17
1 7 0 2
1 7 3 5
1 7 6 8
1 7 9 11
1 7 12 14
1 7 15 17
5 9 0 2
5 9 3 5
5 9 6 8
5 9 9 11
5 9 12 14
5 9 15 17
10 4 0 2
10 4 3 5
10 4 6 8
10 4 9 11
10 4 12 14
10 4 15 17
12 7 0 2
12 7 3 5
12 7 6 8
12 7 9 11
12 7 12 14
12 7 15 17
6 13 0 2
6 13 3 5
6 13 6 8
6 13 9 11
6 13 12 14
6 13 15 17
10 9 0 2
10 9 3 5
10 9 6 8
10 9 9 11
10 9 12 14
10 9 15 17
5 15 0 2
5 15 3 5
5 15 6 8
5 15 9 11
5 15 12 14
5 15 15 17
16 4 0 2
16 4 3 5
16 4 6 8
16 4 9 11
16 4 12 14
16 4 15 17
12 13 0 2
12 13 3 5
12 13 6 8
12 13 9 11
12 13 12 14
12 13 15 17
19 7 0 2
19 7 3 5
19 7 6 8
19 7 9 11
19 7 12 14
19 7 15 17
6 20 0 2
6 20 3 5
6 20 6 8
6 20 9 11
6 20 12 14
6 20 15 17
16 22 0 2
16 22 3 5
16 22 6 8
16 22 9 11
16 22 12 14
16 22 15 17
23 9 0 2
23 9 3 5
23 9 6 8
23 9 9 11
23 9 12 14
23 9 15 17
10 25 0 2
10 25 3 5
10 25 6 8
10 25 9 11
10 25 12 14
10 25 15 17
26 15 0 2
26 15 3 5
26 15 6 8
26 15 9 11
26 15 12 14
26 15 15 17
26 20 0 2
26 20 3 5
26 20 6 8
26 20 9 11
26 20 12 14
26 20 15 17
12 27 0 2
12 27 3 5
12 27 6 8
12 27 9 11
12 27 12 14
12 27 15 17
29 13 0 2
29 13 3 5
29 13 6 8
29 13 9 11
29 13 12 14
29 13 15 17
19 22 0 2
19 22 3 5
19 22 6 8
19 22 9 11
19 22 12 14
19 22 15 17
30 25 0 2
30 25 3 5
30 25 6 8
30 25 9 11
30 25 12 14
30 25 15 17
16 32 0 2
16 32 3 5
16 32 6 8
16 32 9 11
16 32 12 14
16 32 15 17
33 15 0 2
33 15 3 5
33 15 6 8
33 15 9 11
33 15 12 14
33 15 15 17
23 35 0 2
23 35 3 5
23 35 6 8
23 35 9 11
23 35 12 14
23 35 15 17
29 36 0 2
29 36 3 5
29 36 6 8
29 36 9 11
29 36 12 14
29 36 15 17
38 20 0 2
38 20 3 5
38 20 6 8
38 20 9 11
38 20 12 14
38 20 15 17
19 39 0 2
19 39 3 5
19 39 6 8
19 39 9 11
19 39 12 14
19 39 15 17
41 27 0 2
41 27 3 5
41 27 6 8
41 27 9 11
41 27 12 14
41 27 15 17
30 32 0 2
30 32 3 5
30 32 6 8
30 32 9 11
30 32 12 14
30 32 15 17
33 35 0 2
33 35 3 5
33 35 6 8
33 35 9 11
33 35 12 14
33 35 15 17
42 22 0 2
42 22 3 5
42 22 6 8
42 22 9 11
42 22 12 14
42 22 15 17
23 44 0 2
23 44 3 5
23 44 6 8
23 44 9 11
23 44 12 14
23 44 15 17
45 25 0 2
45 25 3 5
45 25 6 8
45 25 9 11
45 25 12 14
45 25 15 17
26 47 0 2
26 47 3 5
26 47 6 8
26 47 9 11
26 47 12 14
26 47 15 17
38 36 0 2
38 36 3 5
38 36 6 8
38 36 9 11
38 36 12 14
38 36 15 17
41 39 0 2
41 39 3 5
41 39 6 8
41 39 9 11
41 39 12 14
41 39 15 17
49 27 0 2
49 27 3 5
49 27 6 8
49 27 9 11
49 27 12 14
49 27 15 17
29 50 0 2
29 50 3 5
29 50 6 8
29 50 9 11
29 50 12 14
29 50 15 17
45 44 0 2
45 44 3 5
45 44 6 8
45 44 9 11
45 44 12 14
45 44 15 17
30 52 0 2
30 52 3 5
30 52 6 8
30 52 9 11
30 52 12 14
30 52 15 17
53 47 0 2
53 47 3 5
53 47 6 8
53 47 9 11
53 47 12 14
53 47 15 17
33 55 0 2
33 55 3 5
33 55 6 8
33 55 9 11
33 55 12 14
33 55 15 17
56 32 0 2
56 32 3 5
56 32 6 8
56 32 9 11
56 32 12 14
56 32 15 17
42 58 0 2
42 58 3 5
42 58 6 8
42 58 9 11
42 58 12 14
42 58 15 17
59 35 0 2
59 35 3 5
59 35 6 8
59 35 9 11
59 35 12 14
59 35 15 17
49 50 0 2
49 50 3 5
49 50 6 8
49 50 9 11
49 50 12 14
49 50 15 17
60 36 0 2
60 36 3 5
60 36 6 8
60 36 9 11
60 36 12 14
60 36 15 17
42 61 0 2
42 61 3 5
42 61 6 8
42 61 9 11
42 61 12 14
42 61 15 17
63 39 0 2
63 39 3 5
63 39 6 8
63 39 9 11
63 39 12 14
63 39 15 17
38 64 0 2
38 64 3 5
38 64 6 8
38 64 9 11
38 64 12 14
38 64 15 17
66 47 0 2
66 47 3 5
66 47 6 8
66 47 9 11
66 47 12 14
66 47 15 17
41 67 0 2
41 67 3 5
41 67 6 8
41 67 9 11
41 67 12 14
41 67 15 17
53 55 0 2
53 55 3 5
53 55 6 8
53 55 9 11
53 55 12 14
53 55 15 17
56 58 0 2
56 58 3 5
56 58 6 8
56 58 9 11
56 58 12 14
56 58 15 17
59 69 0 2
59 69 3 5
59 69 6 8
59 69 9 11
59 69 12 14
59 69 15 17
70 44 0 2
70 44 3 5
70 44 6 8
70 44 9 11
70 44 12 14
70 44 15 17
45 72 0 2
45 72 3 5
45 72 6 8
45 72 9 11
45 72 12 14
45 72 15 17
73 52 0 2
73 52 3 5
73 52 6 8
73 52 9 11
73 52 12 14
73 52 15 17
63 61 0 2
63 61 3 5
63 61 6 8
63 61 9 11
63 61 12 14
63 61 15 17
66 64 0 2
66 64 3 5
66 64 6 8
66 64 9 11
66 64 12 14
66 64 15 17
75 67 0 2
75 67 3 5
75 67 6 8
75 67 9 11
75 67 12 14
75 67 15 17
49 76 0 2
49 76 3 5
49 76 6 8
49 76 9 11
49 76 12 14
49 76 15 17
78 50 0 2
78 50 3 5
78 50 6 8
78 50 9 11
78 50 12 14
78 50 15 17
60 79 0 2
60 79 3 5
60 79 6 8
60 79 9 11
60 79 12 14
60 79 15 17
70 69 0 2
70 69 3 5
70 69 6 8
70 69 9 11
70 69 12 14
70 69 15 17
73 72 0 2
73 72 3 5
73 72 6 8
73 72 9 11
73 72 12 14
73 72 15 17
53 81 0 2
53 81 3 5
53 81 6 8
53 81 9 11
53 81 12 14
53 81 15 17
82 52 0 2
82 52 3 5
82 52 6 8
82 52 9 11
82 52 12 14
82 52 15 17
56 84 0 2
56 84 3 5
56 84 6 8
56 84 9 11
56 84 12 14
56 84 15 17
85 55 0 2
85 55 3 5
85 55 6 8
85 55 9 11
85 55 12 14
85 55 15 17
59 87 0 2
59 87 3 5
59 87 6 8
59 87 9 11
59 87 12 14
59 87 15 17
88 58 0 2
88 58 3 5
88 58 6 8
88 58 9 11
88 58 12 14
88 58 15 17
75 76 0 2
75 76 3 5
75 76 6 8
75 76 9 11
75 76 12 14
75 76 15 17
78 79 0 2
78 79 3 5
78 79 6 8
78 79 9 11
78 79 12 14
78 79 15 17
90 61 0 2
90 61 3 5
90 61 6 8
90 61 9 11
90 61 12 14
90 61 15 17
60 91 0 2
60 91 3 5
60 91 6 8
60 91 9 11
60 91 12 14
60 91 15 17
93 64 0 2
93 64 3 5
93 64 6 8
93 64 9 11
93 64 12 14
93 64 15 17
63 94 0 2
63 94 3 5
63 94 6 8
63 94 9 11
63 94 12 14
63 94 15 17
96 67 0 2
96 67 3 5
96 67 6 8
96 67 9 11
96 67 12 14
96 67 15 17
66 97 0 2
66 97 3 5
66 97 6 8
66 97 9 11
66 97 12 14
66 97 15 17
82 84 0 2
82 84 3 5
82 84 6 8
82 84 9 11
82 84 12 14
82 84 15 17
85 87 0 2
85 87 3 5
85 87 6 8
85 87 9 11
85 87 12 14
85 87 15 17
88 81 0 2
88 81 3 5
88 81 6 8
88 81 9 11
88 81 12 14
88 81 15 17
75 69 0 2
75 69 3 5
75 69 6 8
75 69 9 11
75 69 12 14
75 69 15 17
70 99 0 2
70 99 3 5
70 99 6 8
70 99 9 11
70 99 12 14
70 99 15 17
100 72 0 2
100 72 3 5
100 72 6 8
100 72 9 11
100 72 12 14
100 72 15 17
73 91 0 2
73 91 3 5
73 91 6 8
73 91 9 11
73 91 12 14
73 91 15 17
90 81 0 2
90 81 3 5
90 81 6 8
90 81 9 11
90 81 12 14
90 81 15 17
93 91 0 2
93 91 3 5
93 91 6 8
93 91 9 11
93 91 12 14
93 91 15 17
96 94 0 2
96 94 3 5
96 94 6 8
96 94 9 11
96 94 12 14
96 94 15 17
90 97 0 2
90 97 3 5
90 97 6 8
90 97 9 11
90 97 12 14
90 97 15 17
102 76 0 2
102 76 3 5
102 76 6 8
102 76 9 11
102 76 12 14
102 76 15 17
78 103 0 2
78 103 3 5
78 103 6 8
78 103 9 11
78 103 12 14
78 103 15 17
82 79 0 2
82 79 3 5
82 79 6 8
82 79 9 11
82 79 12 14
82 79 15 17
100 99 0 2
100 99 3 5
100 99 6 8
100 99 9 11
100 99 12 14
100 99 15 17
85 105 0 2
85 105 3 5
85 105 6 8
85 105 9 11
85 105 12 14
85 105 15 17
106 84 0 2
106 84 3 5
106 84 6 8
106 84 9 11
106 84 12 14
106 84 15 17
88 105 0 2
88 105 3 5
88 105 6 8
88 105 9 11
88 105 12 14
88 105 15 17
102 87 0 2
102 87 3 5
102 87 6 8
102 87 9 11
102 87 12 14
102 87 15 17
102 103 0 2
102 103 3 5
102 103 6 8
102 103 9 11
102 103 12 14
102 103 15 17
108 94 0 2
108 94 3 5
108 94 6 8
108 94 9 11
108 94 12 14
108 94 15 17
93 109 0 2
93 109 3 5
93 109 6 8
93 109 9 11
93 109 12 14
93 109 15 17
108 97 0 2
108 97 3 5
108 97 6 8
108 97 9 11
108 97 12 14
108 97 15 17
96 99 0 2
96 99 3 5
96 99 6 8
96 99 9 11
96 99 12 14
96 99 15 17
106 105 0 2
106 105 3 5
106 105 6 8
106 105 9 11
106 105 12 14
106 105 15 17
100 109 0 2
100 109 3 5
100 109 6 8
100 109 9 11
100 109 12 14
100 109 15 17
108 109 0 2
108 109 3 5
108 109 6 8
108 109 9 11
108 109 12 14
108 109 15 17
106 103 0 2
106 103 3 5
106 103 6 8
106 103 9 11
106 103 12 14
106 103 15 17