2 1 1 3
2 1 4 6
2 1 7 9
2 1 10 12
2 1 13 15
2 1 16 18
3 1 1 3
3 1 4 6
3 1 7 9
3 1 10 12
3 1 13 15
3 1 16 18
2 5 1 3
2 5 4 6
2 5 7 9
2 5 10 12
2 5 13 15
2 5 16 18
3 6 1 3
3 6 4 6
3 6 7 9
3 6 10 12
3 6 13 15
3 6 16 18
8 1 1 3
8 1 4 6
8 1 7 9
8 1 10 12
8 1 13 15
8 1 16 18
2 10 1 3
2 10 4 6
2 10 7 9
2 10 10 12
2 10 13 15
2 10 16 18
11 5 1 3
11 5 4 6
11 5 7 9
11 5 10 12
11 5 13 15
11 5 16 18
11 6 1 3
11 6 4 6
11 6 7 9
11 6 10 12
11 6 13 15
11 6 16 18
3 12 1 3
3 12 4 6
3 12 7 9
3 12 10 12
3 12 13 15
3 12 16 18
14 10 1 3
14 10 4 6
14 10 7 9
14 10 10 12
14 10 13 15
14 10 16 18
8 16 1 3
8 16 4 6
8 16 7 9
8 16 10 12
8 16 13 15
8 16 16 18
17 5 1 3
17 5 4 6
17 5 7 9
17 5 10 12
17 5 13 15
17 5 16 18
18 6 1 3
18 6 4 6
18 6 7 9
18 6 10 12
18 6 13 15
18 6 16 18
8 19 1 3
8 19 4 6
8 19 7 9
8 19 10 12
8 19 13 15
8 19 16 18
21 12 1 3
21 12 4 6
21 12 7 9
21 12 10 12
21 12 13 15
21 12 16 18
14 16 1 3
14 16 4 6
14 16 7 9
14 16 10 12
14 16 13 15
14 16 16 18
17 23 1 3
17 23 4 6
17 23 7 9
17 23 10 12
17 23 13 15
17 23 16 18
24 10 1 3
24 10 4 6
24 10 7 9
24 10 10 12
24 10 13 15
24 10 16 18
11 26 1 3
11 26 4 6
11 26 7 9
11 26 10 12
11 26 13 15
11 26 16 18
21 19 1 3
21 19 4 6
21 19 7 9
21 19 10 12
21 19 13 15
21 19 16 18
28 12 1 3
28 12 4 6
28 12 7 9
28 12 10 12
28 12 13 15
28 12 16 18
18 29 1 3
18 29 4 6
18 29 7 9
18 29 10 12
18 29 13 15
18 29 16 18
24 23 1 3
24 23 4 6
24 23 7 9
24 23 10 12
24 23 13 15
24 23 16 18
14 30 1 3
14 30 4 6
14 30 7 9
14 30 10 12
14 30 13 15
14 30 16 18
31 26 1 3
31 26 4 6
31 26 7 9
31 26 10 12
31 26 13 15
31 26 16 18
17 33 1 3
17 33 4 6
17 33 7 9
17 33 10 12
17 33 13 15
17 33 16 18
34 16 1 3
34 16 4 6
34 16 7 9
34 16 10 12
34 16 13 15
34 16 16 18
28 29 1 3
28 29 4 6
28 29 7 9
28 29 10 12
28 29 13 15
28 29 16 18
37 19 1 3
37 19 4 6
37 19 7 9
37 19 10 12
37 19 13 15
37 19 16 18
18 38 1 3
18 38 4 6
18 38 7 9
18 38 10 12
18 38 13 15
18 38 16 18
40 26 1 3
40 26 4 6
40 26 7 9
40 26 10 12
40 26 13 15
40 26 16 18
21 41 1 3
21 41 4 6
21 41 7 9
21 41 10 12
21 41 13 15
21 41 16 18
31 33 1 3
31 33 4 6
31 33 7 9
31 33 10 12
31 33 13 15
31 33 16 18
34 42 1 3
34 42 4 6
34 42 7 9
34 42 10 12
34 42 13 15
34 42 16 18
43 23 1 3
43 23 4 6
43 23 7 9
43 23 10 12
43 23 13 15
43 23 16 18
24 45 1 3
24 45 4 6
24 45 7 9
24 45 10 12
24 45 13 15
24 45 16 18
46 30 1 3
46 30 4 6
46 30 7 9
46 30 10 12
46 30 13 15
46 30 16 18
40 38 1 3
40 38 4 6
40 38 7 9
40 38 10 12
40 38 13 15
40 38 16 18
48 41 1 3
48 41 4 6
48 41 7 9
48 41 10 12
48 41 13 15
48 41 16 18
28 49 1 3
28 49 4 6
28 49 7 9
28 49 10 12
28 49 13 15
28 49 16 18
46 29 1 3
46 29 4 6
46 29 7 9
46 29 10 12
46 29 13 15
46 29 16 18
37 42 1 3
37 42 4 6
37 42 7 9
37 42 10 12
37 42 13 15
37 42 16 18
46 45 1 3
46 45 4 6
46 45 7 9
46 45 10 12
46 45 13 15
46 45 16 18
31 51 1 3
31 51 4 6
31 51 7 9
31 51 10 12
31 51 13 15
31 51 16 18
52 30 1 3
52 30 4 6
52 30 7 9
52 30 10 12
52 30 13 15
52 30 16 18
34 51 1 3
34 51 4 6
34 51 7 9
34 51 10 12
34 51 13 15
34 51 16 18
48 33 1 3
48 33 4 6
48 33 7 9
48 33 10 12
48 33 13 15
48 33 16 18
43 41 1 3
43 41 4 6
43 41 7 9
43 41 10 12
43 41 13 15
43 41 16 18
48 49 1 3
48 49 4 6
48 49 7 9
48 49 10 12
48 49 13 15
48 49 16 18
55 38 1 3
55 38 4 6
55 38 7 9
55 38 10 12
55 38 13 15
55 38 16 18
37 56 1 3
37 56 4 6
37 56 7 9
37 56 10 12
37 56 13 15
37 56 16 18
40 42 1 3
40 42 4 6
40 42 7 9
40 42 10 12
40 42 13 15
40 42 16 18
52 51 1 3
52 51 4 6
52 51 7 9
52 51 10 12
52 51 13 15
52 51 16 18
43 56 1 3
43 56 4 6
43 56 7 9
43 56 10 12
43 56 13 15
43 56 16 18
55 45 1 3
55 45 4 6
55 45 7 9
55 45 10 12
55 45 13 15
55 45 16 18
52 49 1 3
52 49 4 6
52 49 7 9
52 49 10 12
52 49 13 15
52 49 16 18
55 56 1 3
55 56 4 6
55 56 7 9
55 56 10 12
55 56 13 15
55 56 16 18
0 2 2 4
0 2 5 7
0 2 8 10
0 2 11 13
0 2 14 16
0 2 17 19
0 3 2 4
0 3 5 7
0 3 8 10
0 3 11 13
0 3 14 16
0 3 17 19
4 2 2 4
4 2 5 7
4 2 8 10
4 2 11 13
4 2 14 16
4 2 17 19
7 3 2 4
7 3 5 7
7 3 8 10
7 3 11 13
7 3 14 16
7 3 17 19
4 8 2 4
4 8 5 7
4 8 8 10
4 8 11 13
4 8 14 16
4 8 17 19
9 2 2 4
9 2 5 7
9 2 8 10
9 2 11 13
9 2 14 16
9 2 17 19
0 11 2 4
0 11 5 7
0 11 8 10
0 11 11 13
0 11 14 16
0 11 17 19
13 3 2 4
13 3 5 7
13 3 8 10
13 3 11 13
13 3 14 16
13 3 17 19
7 8 2 4
7 8 5 7
7 8 8 10
7 8 11 13
7 8 14 16
7 8 17 19
4 14 2 4
4 14 5 7
4 14 8 10
4 14 11 13
4 14 14 16
4 14 17 19
15 11 2 4
15 11 5 7
15 11 8 10
15 11 11 13
15 11 14 16
15 11 17 19
9 17 2 4
9 17 5 7
9 17 8 10
9 17 11 13
9 17 14 16
9 17 17 19
13 18 2 4
13 18 5 7
13 18 8 10
13 18 11 13
13 18 14 16
13 18 17 19
20 11 2 4
20 11 5 7
20 11 8 10
20 11 11 13
20 11 14 16
20 11 17 19
7 21 2 4
7 21 5 7
7 21 8 10
7 21 11 13
7 21 14 16
7 21 17 19
15 17 2 4
15 17 5 7
15 17 8 10
15 17 11 13
15 17 14 16
15 17 17 19
22 8 2 4
22 8 5 7
22 8 8 10
22 8 11 13
22 8 14 16
22 8 17 19
9 24 2 4
9 24 5 7
9 24 8 10
9 24 11 13
9 24 14 16
9 24 17 19
25 14 2 4
25 14 5 7
25 14 8 10
25 14 11 13
25 14 14 16
25 14 17 19
20 18 2 4
20 18 5 7
20 18 8 10
20 18 11 13
20 18 14 16
20 18 17 19
27 21 2 4
27 21 5 7
27 21 8 10
27 21 11 13
27 21 14 16
27 21 17 19
13 28 2 4
13 28 5 7
13 28 8 10
13 28 11 13
13 28 14 16
13 28 17 19
25 24 2 4
25 24 5 7
25 24 8 10
25 24 11 13
25 24 14 16
25 24 17 19
15 31 2 4
15 31 5 7
15 31 8 10
15 31 11 13
15 31 14 16
15 31 17 19
32 14 2 4
32 14 5 7
32 14 8 10
32 14 11 13
32 14 14 16
32 14 17 19
22 34 2 4
22 34 5 7
22 34 8 10
22 34 11 13
22 34 14 16
22 34 17 19
35 17 2 4
35 17 5 7
35 17 8 10
35 17 11 13
35 17 14 16
35 17 17 19
27 28 2 4
27 28 5 7
27 28 8 10
27 28 11 13
27 28 14 16
27 28 17 19
36 18 2 4
36 18 5 7
36 18 8 10
36 18 11 13
36 18 14 16
36 18 17 19
22 37 2 4
22 37 5 7
22 37 8 10
22 37 11 13
22 37 14 16
22 37 17 19
39 21 2 4
39 21 5 7
39 21 8 10
39 21 11 13
39 21 14 16
39 21 17 19
20 40 2 4
20 40 5 7
20 40 8 10
20 40 11 13
20 40 14 16
20 40 17 19
32 34 2 4
32 34 5 7
32 34 8 10
32 34 11 13
32 34 14 16
32 34 17 19
35 43 2 4
35 43 5 7
35 43 8 10
35 43 11 13
35 43 14 16
35 43 17 19
44 24 2 4
44 24 5 7
44 24 8 10
44 24 11 13
44 24 14 16
44 24 17 19
25 46 2 4
25 46 5 7
25 46 8 10
25 46 11 13
25 46 14 16
25 46 17 19
47 31 2 4
47 31 5 7
47 31 8 10
47 31 11 13
47 31 14 16
47 31 17 19
39 37 2 4
39 37 5 7
39 37 8 10
39 37 11 13
39 37 14 16
39 37 17 19
47 40 2 4
47 40 5 7
47 40 8 10
47 40 11 13
47 40 14 16
47 40 17 19
27 48 2 4
27 48 5 7
27 48 8 10
27 48 11 13
27 48 14 16
27 48 17 19
50 28 2 4
50 28 5 7
50 28 8 10
50 28 11 13
50 28 14 16
50 28 17 19
36 46 2 4
36 46 5 7
36 46 8 10
36 46 11 13
36 46 14 16
36 46 17 19
44 43 2 4
44 43 5 7
44 43 8 10
44 43 11 13
44 43 14 16
44 43 17 19
50 46 2 4
50 46 5 7
50 46 8 10
50 46 11 13
50 46 14 16
50 46 17 19
32 52 2 4
32 52 5 7
32 52 8 10
32 52 11 13
32 52 14 16
32 52 17 19
53 31 2 4
53 31 5 7
53 31 8 10
53 31 11 13
53 31 14 16
53 31 17 19
35 48 2 4
35 48 5 7
35 48 8 10
35 48 11 13
35 48 14 16
35 48 17 19
47 34 2 4
47 34 5 7
47 34 8 10
47 34 11 13
47 34 14 16
47 34 17 19
54 37 2 4
54 37 5 7
54 37 8 10
54 37 11 13
54 37 14 16
54 37 17 19
36 55 2 4
36 55 5 7
36 55 8 10
36 55 11 13
36 55 14 16
36 55 17 19
54 40 2 4
54 40 5 7
54 40 8 10
54 40 11 13
54 40 14 16
54 40 17 19
39 43 2 4
39 43 5 7
39 43 8 10
39 43 11 13
39 43 14 16
39 43 17 19
50 52 2 4
50 52 5 7
50 52 8 10
50 52 11 13
50 52 14 16
50 52 17 19
53 48 2 4
53 48 5 7
53 48 8 10
53 48 11 13
53 48 14 16
53 48 17 19
44 55 2 4
44 55 5 7
44 55 8 10
44 55 11 13
44 55 14 16
44 55 17 19
54 55 2 4
54 55 5 7
54 55 8 10
54 55 11 13
54 55 14 16
54 55 17 19
53 52 2 4
53 52 5 7
53 52 8 10
53 52 11 13
53 52 14 16
53 52 17 19
1 0 0 2
1 0 3 5
1 0 6 8
1 0 9 11
1 0 12 14
1 0 15 17
1 4 0 2
1 4 3 5
1 4 6 8
1 4 9 11
1 4 12 14
1 4 15 17
5 0 0 2
5 0 3 5
5 0 6 8
5 0 9 11
5 0 12 14
5 0 15 17
6 0 0 2
6 0 3 5
6 0 6 8
6 0 9 11
6 0 12 14
6 0 15 17
1 7 0 2
1 7 3 5
1 7 6 8
1 7 9 11
1 7 12 14
1 7 15 17
5 9 0 2
5 9 3 5
5 9 6 8
5 9 9 11
5 9 12 14
5 9 15 17
10 4 0 2
10 4 3 5
10 4 6 8
10 4 9 11
10 4 12 14
10 4 15 17
12 7 0 2
12 7 3 5
12 7 6 8
12 7 9 11
12 7 12 14
12 7 15 17
6 13 0 2
6 13 3 5
6 13 6 8
6 13 9 11
6 13 12 14
6 13 15 17
10 9 0 2
10 9 3 5
10 9 6 8
10 9 9 11
10 9 12 14
10 9 15 17
5 15 0 2
5 15 3 5
5 15 6 8
5 15 9 11
5 15 12 14
5 15 15 17
16 4 0 2
16 4 3 5
16 4 6 8
16 4 9 11
16 4 12 14
16 4 15 17
12 13 0 2
12 13 3 5
12 13 6 8
12 13 9 11
12 13 12 14
12 13 15 17
19 7 0 2
19 7 3 5
19 7 6 8
19 7 9 11
19 7 12 14
19 7 15 17
6 20 0 2
6 20 3 5
6 20 6 8
6 20 9 11
6 20 12 14
6 20 15 17
16 22 0 2
16 22 3 5
16 22 6 8
16 22 9 11
16 22 12 14
16 22 15 17
23 9 0 2
23 9 3 5
23 9 6 8
23 9 9 11
23 9 12 14
23 9 15 17
10 25 0 2
10 25 3 5
10 25 6 8
10 25 9 11
10 25 12 14
10 25 15 17
26 15 0 2
26 15 3 5
26 15 6 8
26 15 9 11
26 15 12 14
26 15 15 17
26 20 0 2
26 20 3 5
26 20 6 8
26 20 9 11
26 20 12 14
26 20 15 17
12 27 0 2
12 27 3 5
12 27 6 8
12 27 9 11
12 27 12 14
12 27 15 17
29 13 0 2
29 13 3 5
29 13 6 8
29 13 9 11
29 13 12 14
29 13 15 17
19 22 0 2
19 22 3 5
19 22 6 8
19 22 9 11
19 22 12 14
19 22 15 17
30 25 0 2
30 25 3 5
30 25 6 8
30 25 9 11
30 25 12 14
30 25 15 17
16 32 0 2
16 32 3 5
16 32 6 8
16 32 9 11
16 32 12 14
16 32 15 17
33 15 0 2
33 15 3 5
33 15 6 8
33 15 9 11
33 15 12 14
33 15 15 17
23 35 0 2
23 35 3 5
23 35 6 8
23 35 9 11
23 35 12 14
23 35 15 17
29 36 0 2
29 36 3 5
29 36 6 8
29 36 9 11
29 36 12 14
29 36 15 17
38 20 0 2
38 20 3 5
38 20 6 8
38 20 9 11
38 20 12 14
38 20 15 17
19 39 0 2
19 39 3 5
19 39 6 8
19 39 9 11
19 39 12 14
19 39 15 17
41 27 0 2
41 27 3 5
41 27 6 8
41 27 9 11
41 27 12 14
41 27 15 17
30 32 0 2
30 32 3 5
30 32 6 8
30 32 9 11
30 32 12 14
30 32 15 17
33 35 0 2
33 35 3 5
33 35 6 8
33 35 9 11
33 35 12 14
33 35 15 17
42 22 0 2
42 22 3 5
42 22 6 8
42 22 9 11
42 22 12 14
42 22 15 17
23 44 0 2
23 44 3 5
23 44 6 8
23 44 9 11
23 44 12 14
23 44 15 17
45 25 0 2
45 25 3 5
45 25 6 8
45 25 9 11
45 25 12 14
45 25 15 17
26 47 0 2
26 47 3 5
26 47 6 8
26 47 9 11
26 47 12 14
26 47 15 17
38 36 0 2
38 36 3 5
38 36 6 8
38 36 9 11
38 36 12 14
38 36 15 17
41 39 0 2
41 39 3 5
41 39 6 8
41 39 9 11
41 39 12 14
41 39 15 17
49 27 0 2
49 27 3 5
49 27 6 8
49 27 9 11
49 27 12 14
49 27 15 17
29 50 0 2
29 50 3 5
29 50 6 8
29 50 9 11
29 50 12 14
29 50 15 17
45 44 0 2
45 44 3 5
45 44 6 8
45 44 9 11
45 44 12 14
45 44 15 17
30 50 0 2
30 50 3 5
30 50 6 8
30 50 9 11
30 50 12 14
30 50 15 17
51 47 0 2
51 47 3 5
51 47 6 8
51 47 9 11
51 47 12 14
51 47 15 17
33 53 0 2
33 53 3 5
33 53 6 8
33 53 9 11
33 53 12 14
33 53 15 17
51 32 0 2
51 32 3 5
51 32 6 8
51 32 9 11
51 32 12 14
51 32 15 17
42 47 0 2
42 47 3 5
42 47 6 8
42 47 9 11
42 47 12 14
42 47 15 17
41 35 0 2
41 35 3 5
41 35 6 8
41 35 9 11
41 35 12 14
41 35 15 17
49 50 0 2
49 50 3 5
49 50 6 8
49 50 9 11
49 50 12 14
49 50 15 17
45 36 0 2
45 36 3 5
45 36 6 8
45 36 9 11
45 36 12 14
45 36 15 17
42 54 0 2
42 54 3 5
42 54 6 8
42 54 9 11
42 54 12 14
42 54 15 17
56 39 0 2
56 39 3 5
56 39 6 8
56 39 9 11
56 39 12 14
56 39 15 17
38 54 0 2
38 54 3 5
38 54 6 8
38 54 9 11
38 54 12 14
38 54 15 17
51 53 0 2
51 53 3 5
51 53 6 8
51 53 9 11
51 53 12 14
51 53 15 17
56 44 0 2
56 44 3 5
56 44 6 8
56 44 9 11
56 44 12 14
56 44 15 17
56 54 0 2
56 54 3 5
56 54 6 8
56 54 9 11
56 54 12 14
56 54 15 17
49 53 0 2
49 53 3 5
49 53 6 8
49 53 9 11
49 53 12 14
49 53 15 17