2 1 1 3
2 1 4 6
2 1 7 9
2 1 10 12
2 1 13 15
2 1 16 18
3 1 1 3
3 1 4 6
3 1 7 9
3 1 10 12
3 1 13 15
3 1 16 18
2 5 1 3
2 5 4 6
2 5 7 9
2 5 10 12
2 5 13 15
2 5 16 18
3 6 1 3
3 6 4 6
3 6 7 9
3 6 10 12
3 6 13 15
3 6 16 18
8 1 1 3
8 1 4 6
8 1 7 9
8 1 10 12
8 1 13 15
8 1 16 18
2 10 1 3
2 10 4 6
2 10 7 9
2 10 10 12
2 10 13 15
2 10 16 18
11 5 1 3
11 5 4 6
11 5 7 9
11 5 10 12
11 5 13 15
11 5 16 18
11 6 1 3
11 6 4 6
11 6 7 9
11 6 10 12
11 6 13 15
11 6 16 18
3 10 1 3
3 10 4 6
3 10 7 9
3 10 10 12
3 10 13 15
3 10 16 18
11 10 1 3
11 10 4 6
11 10 7 9
11 10 10 12
11 10 13 15
11 10 16 18
8 6 1 3
8 6 4 6
8 6 7 9
8 6 10 12
8 6 13 15
8 6 16 18
8 5 1 3
8 5 4 6
8 5 7 9
8 5 10 12
8 5 13 15
8 5 16 18
0 2 2 4
0 2 5 7
0 2 8 10
0 2 11 13
0 2 14 16
0 2 17 19
0 3 2 4
0 3 5 7
0 3 8 10
0 3 11 13
0 3 14 16
0 3 17 19
4 2 2 4
4 2 5 7
4 2 8 10
4 2 11 13
4 2 14 16
4 2 17 19
7 3 2 4
7 3 5 7
7 3 8 10
7 3 11 13
7 3 14 16
7 3 17 19
4 8 2 4
4 8 5 7
4 8 8 10
4 8 11 13
4 8 14 16
4 8 17 19
9 2 2 4
9 2 5 7
9 2 8 10
9 2 11 13
9 2 14 16
9 2 17 19
0 11 2 4
0 11 5 7
0 11 8 10
0 11 11 13
0 11 14 16
0 11 17 19
9 3 2 4
9 3 5 7
9 3 8 10
9 3 11 13
9 3 14 16
9 3 17 19
7 8 2 4
7 8 5 7
7 8 8 10
7 8 11 13
7 8 14 16
7 8 17 19
4 11 2 4
4 11 5 7
4 11 8 10
4 11 11 13
4 11 14 16
4 11 17 19
7 11 2 4
7 11 5 7
7 11 8 10
7 11 11 13
7 11 14 16
7 11 17 19
9 8 2 4
9 8 5 7
9 8 8 10
9 8 11 13
9 8 14 16
9 8 17 19
1 0 0 2
1 0 3 5
1 0 6 8
1 0 9 11
1 0 12 14
1 0 15 17
1 4 0 2
1 4 3 5
1 4 6 8
1 4 9 11
1 4 12 14
1 4 15 17
5 0 0 2
5 0 3 5
5 0 6 8
5 0 9 11
5 0 12 14
5 0 15 17
6 0 0 2
6 0 3 5
6 0 6 8
6 0 9 11
6 0 12 14
6 0 15 17
1 7 0 2
1 7 3 5
1 7 6 8
1 7 9 11
1 7 12 14
1 7 15 17
5 9 0 2
5 9 3 5
5 9 6 8
5 9 9 11
5 9 12 14
5 9 15 17
10 4 0 2
10 4 3 5
10 4 6 8
10 4 9 11
10 4 12 14
10 4 15 17
10 7 0 2
10 7 3 5
10 7 6 8
10 7 9 11
10 7 12 14
10 7 15 17
6 9 0 2
6 9 3 5
6 9 6 8
6 9 9 11
6 9 12 14
6 9 15 17
10 9 0 2
10 9 3 5
10 9 6 8
10 9 9 11
10 9 12 14
10 9 15 17
5 7 0 2
5 7 3 5
5 7 6 8
5 7 9 11
5 7 12 14
5 7 15 17
6 4 0 2
6 4 3 5
6 4 6 8
6 4 9 11
6 4 12 14
6 4 15 17