2 1 1 3
2 1 4 6
2 1 7 9
2 1 10 12
2 1 13 15
2 1 16 18
3 1 1 3
3 1 4 6
3 1 7 9
3 1 10 12
3 1 13 15
3 1 16 18
2 5 1 3
2 5 4 6
2 5 7 9
2 5 10 12
2 5 13 15
2 5 16 18
3 6 1 3
3 6 4 6
3 6 7 9
3 6 10 12
3 6 13 15
3 6 16 18
8 1 1 3
8 1 4 6
8 1 7 9
8 1 10 12
8 1 13 15
8 1 16 18
2 10 1 3
2 10 4 6
2 10 7 9
2 10 10 12
2 10 13 15
2 10 16 18
11 5 1 3
11 5 4 6
11 5 7 9
11 5 10 12
11 5 13 15
11 5 16 18
11 6 1 3
11 6 4 6
11 6 7 9
11 6 10 12
11 6 13 15
11 6 16 18
3 12 1 3
3 12 4 6
3 12 7 9
3 12 10 12
3 12 13 15
3 12 16 18
14 10 1 3
14 10 4 6
14 10 7 9
14 10 10 12
14 10 13 15
14 10 16 18
8 16 1 3
8 16 4 6
8 16 7 9
8 16 10 12
8 16 13 15
8 16 16 18
17 5 1 3
17 5 4 6
17 5 7 9
17 5 10 12
17 5 13 15
17 5 16 18
18 6 1 3
18 6 4 6
18 6 7 9
18 6 10 12
18 6 13 15
18 6 16 18
8 19 1 3
8 19 4 6
8 19 7 9
8 19 10 12
8 19 13 15
8 19 16 18
21 12 1 3
21 12 4 6
21 12 7 9
21 12 10 12
21 12 13 15
21 12 16 18
14 16 1 3
14 16 4 6
14 16 7 9
14 16 10 12
14 16 13 15
14 16 16 18
17 23 1 3
17 23 4 6
17 23 7 9
17 23 10 12
17 23 13 15
17 23 16 18
24 10 1 3
24 10 4 6
24 10 7 9
24 10 10 12
24 10 13 15
24 10 16 18
11 26 1 3
11 26 4 6
11 26 7 9
11 26 10 12
11 26 13 15
11 26 16 18
21 19 1 3
21 19 4 6
21 19 7 9
21 19 10 12
21 19 13 15
21 19 16 18
28 12 1 3
28 12 4 6
28 12 7 9
28 12 10 12
28 12 13 15
28 12 16 18
18 29 1 3
18 29 4 6
18 29 7 9
18 29 10 12
18 29 13 15
18 29 16 18
24 23 1 3
24 23 4 6
24 23 7 9
24 23 10 12
24 23 13 15
24 23 16 18
14 30 1 3
14 30 4 6
14 30 7 9
14 30 10 12
14 30 13 15
14 30 16 18
31 26 1 3
31 26 4 6
31 26 7 9
31 26 10 12
31 26 13 15
31 26 16 18
17 33 1 3
17 33 4 6
17 33 7 9
17 33 10 12
17 33 13 15
17 33 16 18
34 16 1 3
34 16 4 6
34 16 7 9
34 16 10 12
34 16 13 15
34 16 16 18
28 29 1 3
28 29 4 6
28 29 7 9
28 29 10 12
28 29 13 15
28 29 16 18
37 19 1 3
37 19 4 6
37 19 7 9
37 19 10 12
37 19 13 15
37 19 16 18
18 38 1 3
18 38 4 6
18 38 7 9
18 38 10 12
18 38 13 15
18 38 16 18
40 26 1 3
40 26 4 6
40 26 7 9
40 26 10 12
40 26 13 15
40 26 16 18
21 41 1 3
21 41 4 6
21 41 7 9
21 41 10 12
21 41 13 15
21 41 16 18
31 33 1 3
31 33 4 6
31 33 7 9
31 33 10 12
31 33 13 15
31 33 16 18
34 42 1 3
34 42 4 6
34 42 7 9
34 42 10 12
34 42 13 15
34 42 16 18
43 23 1 3
43 23 4 6
43 23 7 9
43 23 10 12
43 23 13 15
43 23 16 18
24 45 1 3
24 45 4 6
24 45 7 9
24 45 10 12
24 45 13 15
24 45 16 18
46 30 1 3
46 30 4 6
46 30 7 9
46 30 10 12
46 30 13 15
46 30 16 18
40 38 1 3
40 38 4 6
40 38 7 9
40 38 10 12
40 38 13 15
40 38 16 18
48 41 1 3
48 41 4 6
48 41 7 9
48 41 10 12
48 41 13 15
48 41 16 18
28 49 1 3
28 49 4 6
28 49 7 9
28 49 10 12
28 49 13 15
28 49 16 18
51 29 1 3
51 29 4 6
51 29 7 9
51 29 10 12
51 29 13 15
51 29 16 18
37 42 1 3
37 42 4 6
37 42 7 9
37 42 10 12
37 42 13 15
37 42 16 18
46 45 1 3
46 45 4 6
46 45 7 9
46 45 10 12
46 45 13 15
46 45 16 18
31 53 1 3
31 53 4 6
31 53 7 9
31 53 10 12
31 53 13 15
31 53 16 18
54 30 1 3
54 30 4 6
54 30 7 9
54 30 10 12
54 30 13 15
54 30 16 18
34 56 1 3
34 56 4 6
34 56 7 9
34 56 10 12
34 56 13 15
34 56 16 18
57 33 1 3
57 33 4 6
57 33 7 9
57 33 10 12
57 33 13 15
57 33 16 18
43 59 1 3
43 59 4 6
43 59 7 9
43 59 10 12
43 59 13 15
43 59 16 18
48 49 1 3
48 49 4 6
48 49 7 9
48 49 10 12
48 49 13 15
48 49 16 18
51 60 1 3
51 60 4 6
51 60 7 9
51 60 10 12
51 60 13 15
51 60 16 18
62 38 1 3
62 38 4 6
62 38 7 9
62 38 10 12
62 38 13 15
62 38 16 18
37 63 1 3
37 63 4 6
37 63 7 9
37 63 10 12
37 63 13 15
37 63 16 18
65 41 1 3
65 41 4 6
65 41 7 9
65 41 10 12
65 41 13 15
65 41 16 18
40 66 1 3
40 66 4 6
40 66 7 9
40 66 10 12
40 66 13 15
40 66 16 18
54 56 1 3
54 56 4 6
54 56 7 9
54 56 10 12
54 56 13 15
54 56 16 18
57 59 1 3
57 59 4 6
57 59 7 9
57 59 10 12
57 59 13 15
57 59 16 18
68 42 1 3
68 42 4 6
68 42 7 9
68 42 10 12
68 42 13 15
68 42 16 18
43 70 1 3
43 70 4 6
43 70 7 9
43 70 10 12
43 70 13 15
43 70 16 18
71 45 1 3
71 45 4 6
71 45 7 9
71 45 10 12
71 45 13 15
71 45 16 18
46 73 1 3
46 73 4 6
46 73 7 9
46 73 10 12
46 73 13 15
46 73 16 18
74 53 1 3
74 53 4 6
74 53 7 9
74 53 10 12
74 53 13 15
74 53 16 18
62 60 1 3
62 60 4 6
62 60 7 9
62 60 10 12
62 60 13 15
62 60 16 18
65 63 1 3
65 63 4 6
65 63 7 9
65 63 10 12
65 63 13 15
65 63 16 18
74 66 1 3
74 66 4 6
74 66 7 9
74 66 10 12
74 66 13 15
74 66 16 18
48 75 1 3
48 75 4 6
48 75 7 9
48 75 10 12
48 75 13 15
48 75 16 18
77 49 1 3
77 49 4 6
77 49 7 9
77 49 10 12
77 49 13 15
77 49 16 18
51 78 1 3
51 78 4 6
51 78 7 9
51 78 10 12
51 78 13 15
51 78 16 18
71 70 1 3
71 70 4 6
71 70 7 9
71 70 10 12
71 70 13 15
71 70 16 18
80 73 1 3
80 73 4 6
80 73 7 9
80 73 10 12
80 73 13 15
80 73 16 18
54 82 1 3
54 82 4 6
54 82 7 9
54 82 10 12
54 82 13 15
54 82 16 18
83 53 1 3
83 53 4 6
83 53 7 9
83 53 10 12
83 53 13 15
83 53 16 18
57 85 1 3
57 85 4 6
57 85 7 9
57 85 10 12
57 85 13 15
57 85 16 18
86 56 1 3
86 56 4 6
86 56 7 9
86 56 10 12
86 56 13 15
86 56 16 18
68 88 1 3
68 88 4 6
68 88 7 9
68 88 10 12
68 88 13 15
68 88 16 18
89 59 1 3
89 59 4 6
89 59 7 9
89 59 10 12
89 59 13 15
89 59 16 18
77 78 1 3
77 78 4 6
77 78 7 9
77 78 10 12
77 78 13 15
77 78 16 18
90 60 1 3
90 60 4 6
90 60 7 9
90 60 10 12
90 60 13 15
90 60 16 18
68 91 1 3
68 91 4 6
68 91 7 9
68 91 10 12
68 91 13 15
68 91 16 18
93 63 1 3
93 63 4 6
93 63 7 9
93 63 10 12
93 63 13 15
93 63 16 18
62 94 1 3
62 94 4 6
62 94 7 9
62 94 10 12
62 94 13 15
62 94 16 18
96 66 1 3
96 66 4 6
96 66 7 9
96 66 10 12
96 66 13 15
96 66 16 18
65 97 1 3
65 97 4 6
65 97 7 9
65 97 10 12
65 97 13 15
65 97 16 18
99 75 1 3
99 75 4 6
99 75 7 9
99 75 10 12
99 75 13 15
99 75 16 18
80 82 1 3
80 82 4 6
80 82 7 9
80 82 10 12
80 82 13 15
80 82 16 18
83 85 1 3
83 85 4 6
83 85 7 9
83 85 10 12
83 85 13 15
83 85 16 18
86 88 1 3
86 88 4 6
86 88 7 9
86 88 10 12
86 88 13 15
86 88 16 18
89 101 1 3
89 101 4 6
89 101 7 9
89 101 10 12
89 101 13 15
89 101 16 18
102 70 1 3
102 70 4 6
102 70 7 9
102 70 10 12
102 70 13 15
102 70 16 18
71 104 1 3
71 104 4 6
71 104 7 9
71 104 10 12
71 104 13 15
71 104 16 18
105 73 1 3
105 73 4 6
105 73 7 9
105 73 10 12
105 73 13 15
105 73 16 18
74 107 1 3
74 107 4 6
74 107 7 9
74 107 10 12
74 107 13 15
74 107 16 18
93 91 1 3
93 91 4 6
93 91 7 9
93 91 10 12
93 91 13 15
93 91 16 18
96 94 1 3
96 94 4 6
96 94 7 9
96 94 10 12
96 94 13 15
96 94 16 18
99 97 1 3
99 97 4 6
99 97 7 9
99 97 10 12
99 97 13 15
99 97 16 18
109 75 1 3
109 75 4 6
109 75 7 9
109 75 10 12
109 75 13 15
109 75 16 18
77 110 1 3
77 110 4 6
77 110 7 9
77 110 10 12
77 110 13 15
77 110 16 18
112 78 1 3
112 78 4 6
112 78 7 9
112 78 10 12
112 78 13 15
112 78 16 18
90 113 1 3
90 113 4 6
90 113 7 9
90 113 10 12
90 113 13 15
90 113 16 18
102 101 1 3
102 101 4 6
102 101 7 9
102 101 10 12
102 101 13 15
102 101 16 18
105 104 1 3
105 104 4 6
105 104 7 9
105 104 10 12
105 104 13 15
105 104 16 18
80 114 1 3
80 114 4 6
80 114 7 9
80 114 10 12
80 114 13 15
80 114 16 18
115 107 1 3
115 107 4 6
115 107 7 9
115 107 10 12
115 107 13 15
115 107 16 18
83 117 1 3
83 117 4 6
83 117 7 9
83 117 10 12
83 117 13 15
83 117 16 18
118 82 1 3
118 82 4 6
118 82 7 9
118 82 10 12
118 82 13 15
118 82 16 18
86 120 1 3
86 120 4 6
86 120 7 9
86 120 10 12
86 120 13 15
86 120 16 18
121 85 1 3
121 85 4 6
121 85 7 9
121 85 10 12
121 85 13 15
121 85 16 18
89 123 1 3
89 123 4 6
89 123 7 9
89 123 10 12
89 123 13 15
89 123 16 18
124 88 1 3
124 88 4 6
124 88 7 9
124 88 10 12
124 88 13 15
124 88 16 18
109 110 1 3
109 110 4 6
109 110 7 9
109 110 10 12
109 110 13 15
109 110 16 18
112 113 1 3
112 113 4 6
112 113 7 9
112 113 10 12
112 113 13 15
112 113 16 18
127 91 1 3
127 91 4 6
127 91 7 9
127 91 10 12
127 91 13 15
127 91 16 18
90 128 1 3
90 128 4 6
90 128 7 9
90 128 10 12
90 128 13 15
90 128 16 18
130 94 1 3
130 94 4 6
130 94 7 9
130 94 10 12
130 94 13 15
130 94 16 18
93 131 1 3
93 131 4 6
93 131 7 9
93 131 10 12
93 131 13 15
93 131 16 18
133 97 1 3
133 97 4 6
133 97 7 9
133 97 10 12
133 97 13 15
133 97 16 18
96 134 1 3
96 134 4 6
96 134 7 9
96 134 10 12
96 134 13 15
96 134 16 18
136 107 1 3
136 107 4 6
136 107 7 9
136 107 10 12
136 107 13 15
136 107 16 18
99 137 1 3
99 137 4 6
99 137 7 9
99 137 10 12
99 137 13 15
99 137 16 18
115 117 1 3
115 117 4 6
115 117 7 9
115 117 10 12
115 117 13 15
115 117 16 18
118 120 1 3
118 120 4 6
118 120 7 9
118 120 10 12
118 120 13 15
118 120 16 18
121 123 1 3
121 123 4 6
121 123 7 9
121 123 10 12
121 123 13 15
121 123 16 18
124 138 1 3
124 138 4 6
124 138 7 9
124 138 10 12
124 138 13 15
124 138 16 18
139 101 1 3
139 101 4 6
139 101 7 9
139 101 10 12
139 101 13 15
139 101 16 18
102 141 1 3
102 141 4 6
102 141 7 9
102 141 10 12
102 141 13 15
102 141 16 18
142 104 1 3
142 104 4 6
142 104 7 9
142 104 10 12
142 104 13 15
142 104 16 18
105 144 1 3
105 144 4 6
105 144 7 9
105 144 10 12
105 144 13 15
105 144 16 18
145 114 1 3
145 114 4 6
145 114 7 9
145 114 10 12
145 114 13 15
145 114 16 18
130 128 1 3
130 128 4 6
130 128 7 9
130 128 10 12
130 128 13 15
130 128 16 18
133 131 1 3
133 131 4 6
133 131 7 9
133 131 10 12
133 131 13 15
133 131 16 18
136 134 1 3
136 134 4 6
136 134 7 9
136 134 10 12
136 134 13 15
136 134 16 18
147 137 1 3
147 137 4 6
147 137 7 9
147 137 10 12
147 137 13 15
147 137 16 18
109 148 1 3
109 148 4 6
109 148 7 9
109 148 10 12
109 148 13 15
109 148 16 18
150 110 1 3
150 110 4 6
150 110 7 9
150 110 10 12
150 110 13 15
150 110 16 18
112 151 1 3
112 151 4 6
112 151 7 9
112 151 10 12
112 151 13 15
112 151 16 18
145 113 1 3
145 113 4 6
145 113 7 9
145 113 10 12
145 113 13 15
145 113 16 18
127 138 1 3
127 138 4 6
127 138 7 9
127 138 10 12
127 138 13 15
127 138 16 18
142 141 1 3
142 141 4 6
142 141 7 9
142 141 10 12
142 141 13 15
142 141 16 18
145 144 1 3
145 144 4 6
145 144 7 9
145 144 10 12
145 144 13 15
145 144 16 18
115 153 1 3
115 153 4 6
115 153 7 9
115 153 10 12
115 153 13 15
115 153 16 18
154 114 1 3
154 114 4 6
154 114 7 9
154 114 10 12
154 114 13 15
154 114 16 18
118 156 1 3
118 156 4 6
118 156 7 9
118 156 10 12
118 156 13 15
118 156 16 18
157 117 1 3
157 117 4 6
157 117 7 9
157 117 10 12
157 117 13 15
157 117 16 18
121 159 1 3
121 159 4 6
121 159 7 9
121 159 10 12
121 159 13 15
121 159 16 18
160 120 1 3
160 120 4 6
160 120 7 9
160 120 10 12
160 120 13 15
160 120 16 18
124 153 1 3
124 153 4 6
124 153 7 9
124 153 10 12
124 153 13 15
124 153 16 18
147 123 1 3
147 123 4 6
147 123 7 9
147 123 10 12
147 123 13 15
147 123 16 18
139 137 1 3
139 137 4 6
139 137 7 9
139 137 10 12
139 137 13 15
139 137 16 18
147 148 1 3
147 148 4 6
147 148 7 9
147 148 10 12
147 148 13 15
147 148 16 18
150 151 1 3
150 151 4 6
150 151 7 9
150 151 10 12
150 151 13 15
150 151 16 18
163 128 1 3
163 128 4 6
163 128 7 9
163 128 10 12
163 128 13 15
163 128 16 18
127 164 1 3
127 164 4 6
127 164 7 9
127 164 10 12
127 164 13 15
127 164 16 18
166 131 1 3
166 131 4 6
166 131 7 9
166 131 10 12
166 131 13 15
166 131 16 18
130 167 1 3
130 167 4 6
130 167 7 9
130 167 10 12
130 167 13 15
130 167 16 18
169 134 1 3
169 134 4 6
169 134 7 9
169 134 10 12
169 134 13 15
169 134 16 18
133 170 1 3
133 170 4 6
133 170 7 9
133 170 10 12
133 170 13 15
133 170 16 18
136 138 1 3
136 138 4 6
136 138 7 9
136 138 10 12
136 138 13 15
136 138 16 18
154 156 1 3
154 156 4 6
154 156 7 9
154 156 10 12
154 156 13 15
154 156 16 18
157 159 1 3
157 159 4 6
157 159 7 9
157 159 10 12
157 159 13 15
157 159 16 18
160 153 1 3
160 153 4 6
160 153 7 9
160 153 10 12
160 153 13 15
160 153 16 18
139 170 1 3
139 170 4 6
139 170 7 9
139 170 10 12
139 170 13 15
139 170 16 18
171 141 1 3
171 141 4 6
171 141 7 9
171 141 10 12
171 141 13 15
171 141 16 18
142 173 1 3
142 173 4 6
142 173 7 9
142 173 10 12
142 173 13 15
142 173 16 18
163 144 1 3
163 144 4 6
163 144 7 9
163 144 10 12
163 144 13 15
163 144 16 18
166 164 1 3
166 164 4 6
166 164 7 9
166 164 10 12
166 164 13 15
166 164 16 18
169 167 1 3
169 167 4 6
169 167 7 9
169 167 10 12
169 167 13 15
169 167 16 18
174 148 1 3
174 148 4 6
174 148 7 9
174 148 10 12
174 148 13 15
174 148 16 18
150 175 1 3
150 175 4 6
150 175 7 9
150 175 10 12
150 175 13 15
150 175 16 18
154 151 1 3
154 151 4 6
154 151 7 9
154 151 10 12
154 151 13 15
154 151 16 18
171 170 1 3
171 170 4 6
171 170 7 9
171 170 10 12
171 170 13 15
171 170 16 18
163 173 1 3
163 173 4 6
163 173 7 9
163 173 10 12
163 173 13 15
163 173 16 18
157 177 1 3
157 177 4 6
157 177 7 9
157 177 10 12
157 177 13 15
157 177 16 18
178 156 1 3
178 156 4 6
178 156 7 9
178 156 10 12
178 156 13 15
178 156 16 18
160 177 1 3
160 177 4 6
160 177 7 9
160 177 10 12
160 177 13 15
160 177 16 18
174 159 1 3
174 159 4 6
174 159 7 9
174 159 10 12
174 159 13 15
174 159 16 18
174 175 1 3
174 175 4 6
174 175 7 9
174 175 10 12
174 175 13 15
174 175 16 18
169 164 1 3
169 164 4 6
169 164 7 9
169 164 10 12
169 164 13 15
169 164 16 18
181 167 1 3
181 167 4 6
181 167 7 9
181 167 10 12
181 167 13 15
181 167 16 18
166 182 1 3
166 182 4 6
166 182 7 9
166 182 10 12
166 182 13 15
166 182 16 18
178 177 1 3
178 177 4 6
178 177 7 9
178 177 10 12
178 177 13 15
178 177 16 18
171 182 1 3
171 182 4 6
171 182 7 9
171 182 10 12
171 182 13 15
171 182 16 18
181 173 1 3
181 173 4 6
181 173 7 9
181 173 10 12
181 173 13 15
181 173 16 18
178 175 1 3
178 175 4 6
178 175 7 9
178 175 10 12
178 175 13 15
178 175 16 18
181 182 1 3
181 182 4 6
181 182 7 9
181 182 10 12
181 182 13 15
181 182 16 18
0 2 2 4
0 2 5 7
0 2 8 10
0 2 11 13
0 2 14 16
0 2 17 19
0 3 2 4
0 3 5 7
0 3 8 10
0 3 11 13
0 3 14 16
0 3 17 19
4 2 2 4
4 2 5 7
4 2 8 10
4 2 11 13
4 2 14 16
4 2 17 19
7 3 2 4
7 3 5 7
7 3 8 10
7 3 11 13
7 3 14 16
7 3 17 19
4 8 2 4
4 8 5 7
4 8 8 10
4 8 11 13
4 8 14 16
4 8 17 19
9 2 2 4
9 2 5 7
9 2 8 10
9 2 11 13
9 2 14 16
9 2 17 19
0 11 2 4
0 11 5 7
0 11 8 10
0 11 11 13
0 11 14 16
0 11 17 19
13 3 2 4
13 3 5 7
13 3 8 10
13 3 11 13
13 3 14 16
13 3 17 19
7 8 2 4
7 8 5 7
7 8 8 10
7 8 11 13
7 8 14 16
7 8 17 19
4 14 2 4
4 14 5 7
4 14 8 10
4 14 11 13
4 14 14 16
4 14 17 19
15 11 2 4
15 11 5 7
15 11 8 10
15 11 11 13
15 11 14 16
15 11 17 19
9 17 2 4
9 17 5 7
9 17 8 10
9 17 11 13
9 17 14 16
9 17 17 19
13 18 2 4
13 18 5 7
13 18 8 10
13 18 11 13
13 18 14 16
13 18 17 19
20 11 2 4
20 11 5 7
20 11 8 10
20 11 11 13
20 11 14 16
20 11 17 19
7 21 2 4
7 21 5 7
7 21 8 10
7 21 11 13
7 21 14 16
7 21 17 19
15 17 2 4
15 17 5 7
15 17 8 10
15 17 11 13
15 17 14 16
15 17 17 19
22 8 2 4
22 8 5 7
22 8 8 10
22 8 11 13
22 8 14 16
22 8 17 19
9 24 2 4
9 24 5 7
9 24 8 10
9 24 11 13
9 24 14 16
9 24 17 19
25 14 2 4
25 14 5 7
25 14 8 10
25 14 11 13
25 14 14 16
25 14 17 19
20 18 2 4
20 18 5 7
20 18 8 10
20 18 11 13
20 18 14 16
20 18 17 19
27 21 2 4
27 21 5 7
27 21 8 10
27 21 11 13
27 21 14 16
27 21 17 19
13 28 2 4
13 28 5 7
13 28 8 10
13 28 11 13
13 28 14 16
13 28 17 19
25 24 2 4
25 24 5 7
25 24 8 10
25 24 11 13
25 24 14 16
25 24 17 19
15 31 2 4
15 31 5 7
15 31 8 10
15 31 11 13
15 31 14 16
15 31 17 19
32 14 2 4
32 14 5 7
32 14 8 10
32 14 11 13
32 14 14 16
32 14 17 19
22 34 2 4
22 34 5 7
22 34 8 10
22 34 11 13
22 34 14 16
22 34 17 19
35 17 2 4
35 17 5 7
35 17 8 10
35 17 11 13
35 17 14 16
35 17 17 19
27 28 2 4
27 28 5 7
27 28 8 10
27 28 11 13
27 28 14 16
27 28 17 19
36 18 2 4
36 18 5 7
36 18 8 10
36 18 11 13
36 18 14 16
36 18 17 19
22 37 2 4
22 37 5 7
22 37 8 10
22 37 11 13
22 37 14 16
22 37 17 19
39 21 2 4
39 21 5 7
39 21 8 10
39 21 11 13
39 21 14 16
39 21 17 19
20 40 2 4
20 40 5 7
20 40 8 10
20 40 11 13
20 40 14 16
20 40 17 19
32 34 2 4
32 34 5 7
32 34 8 10
32 34 11 13
32 34 14 16
32 34 17 19
35 43 2 4
35 43 5 7
35 43 8 10
35 43 11 13
35 43 14 16
35 43 17 19
44 24 2 4
44 24 5 7
44 24 8 10
44 24 11 13
44 24 14 16
44 24 17 19
25 46 2 4
25 46 5 7
25 46 8 10
25 46 11 13
25 46 14 16
25 46 17 19
47 31 2 4
47 31 5 7
47 31 8 10
47 31 11 13
47 31 14 16
47 31 17 19
39 37 2 4
39 37 5 7
39 37 8 10
39 37 11 13
39 37 14 16
39 37 17 19
47 40 2 4
47 40 5 7
47 40 8 10
47 40 11 13
47 40 14 16
47 40 17 19
27 48 2 4
27 48 5 7
27 48 8 10
27 48 11 13
27 48 14 16
27 48 17 19
50 28 2 4
50 28 5 7
50 28 8 10
50 28 11 13
50 28 14 16
50 28 17 19
36 51 2 4
36 51 5 7
36 51 8 10
36 51 11 13
36 51 14 16
36 51 17 19
44 43 2 4
44 43 5 7
44 43 8 10
44 43 11 13
44 43 14 16
44 43 17 19
52 46 2 4
52 46 5 7
52 46 8 10
52 46 11 13
52 46 14 16
52 46 17 19
32 54 2 4
32 54 5 7
32 54 8 10
32 54 11 13
32 54 14 16
32 54 17 19
55 31 2 4
55 31 5 7
55 31 8 10
55 31 11 13
55 31 14 16
55 31 17 19
35 57 2 4
35 57 5 7
35 57 8 10
35 57 11 13
35 57 14 16
35 57 17 19
58 34 2 4
58 34 5 7
58 34 8 10
58 34 11 13
58 34 14 16
58 34 17 19
50 51 2 4
50 51 5 7
50 51 8 10
50 51 11 13
50 51 14 16
50 51 17 19
61 37 2 4
61 37 5 7
61 37 8 10
61 37 11 13
61 37 14 16
61 37 17 19
36 62 2 4
36 62 5 7
36 62 8 10
36 62 11 13
36 62 14 16
36 62 17 19
64 40 2 4
64 40 5 7
64 40 8 10
64 40 11 13
64 40 14 16
64 40 17 19
39 65 2 4
39 65 5 7
39 65 8 10
39 65 11 13
39 65 14 16
39 65 17 19
67 48 2 4
67 48 5 7
67 48 8 10
67 48 11 13
67 48 14 16
67 48 17 19
52 54 2 4
52 54 5 7
52 54 8 10
52 54 11 13
52 54 14 16
52 54 17 19
55 57 2 4
55 57 5 7
55 57 8 10
55 57 11 13
55 57 14 16
55 57 17 19
58 68 2 4
58 68 5 7
58 68 8 10
58 68 11 13
58 68 14 16
58 68 17 19
69 43 2 4
69 43 5 7
69 43 8 10
69 43 11 13
69 43 14 16
69 43 17 19
44 71 2 4
44 71 5 7
44 71 8 10
44 71 11 13
44 71 14 16
44 71 17 19
72 46 2 4
72 46 5 7
72 46 8 10
72 46 11 13
72 46 14 16
72 46 17 19
47 74 2 4
47 74 5 7
47 74 8 10
47 74 11 13
47 74 14 16
47 74 17 19
64 62 2 4
64 62 5 7
64 62 8 10
64 62 11 13
64 62 14 16
64 62 17 19
67 65 2 4
67 65 5 7
67 65 8 10
67 65 11 13
67 65 14 16
67 65 17 19
76 48 2 4
76 48 5 7
76 48 8 10
76 48 11 13
76 48 14 16
76 48 17 19
50 77 2 4
50 77 5 7
50 77 8 10
50 77 11 13
50 77 14 16
50 77 17 19
79 51 2 4
79 51 5 7
79 51 8 10
79 51 11 13
79 51 14 16
79 51 17 19
61 68 2 4
61 68 5 7
61 68 8 10
61 68 11 13
61 68 14 16
61 68 17 19
72 71 2 4
72 71 5 7
72 71 8 10
72 71 11 13
72 71 14 16
72 71 17 19
52 80 2 4
52 80 5 7
52 80 8 10
52 80 11 13
52 80 14 16
52 80 17 19
81 74 2 4
81 74 5 7
81 74 8 10
81 74 11 13
81 74 14 16
81 74 17 19
55 83 2 4
55 83 5 7
55 83 8 10
55 83 11 13
55 83 14 16
55 83 17 19
84 54 2 4
84 54 5 7
84 54 8 10
84 54 11 13
84 54 14 16
84 54 17 19
58 86 2 4
58 86 5 7
58 86 8 10
58 86 11 13
58 86 14 16
58 86 17 19
87 57 2 4
87 57 5 7
87 57 8 10
87 57 11 13
87 57 14 16
87 57 17 19
69 89 2 4
69 89 5 7
69 89 8 10
69 89 11 13
69 89 14 16
69 89 17 19
76 77 2 4
76 77 5 7
76 77 8 10
76 77 11 13
76 77 14 16
76 77 17 19
79 90 2 4
79 90 5 7
79 90 8 10
79 90 11 13
79 90 14 16
79 90 17 19
92 62 2 4
92 62 5 7
92 62 8 10
92 62 11 13
92 62 14 16
92 62 17 19
61 93 2 4
61 93 5 7
61 93 8 10
61 93 11 13
61 93 14 16
61 93 17 19
95 65 2 4
95 65 5 7
95 65 8 10
95 65 11 13
95 65 14 16
95 65 17 19
64 96 2 4
64 96 5 7
64 96 8 10
64 96 11 13
64 96 14 16
64 96 17 19
98 74 2 4
98 74 5 7
98 74 8 10
98 74 11 13
98 74 14 16
98 74 17 19
67 99 2 4
67 99 5 7
67 99 8 10
67 99 11 13
67 99 14 16
67 99 17 19
81 83 2 4
81 83 5 7
81 83 8 10
81 83 11 13
81 83 14 16
81 83 17 19
84 86 2 4
84 86 5 7
84 86 8 10
84 86 11 13
84 86 14 16
84 86 17 19
87 89 2 4
87 89 5 7
87 89 8 10
87 89 11 13
87 89 14 16
87 89 17 19
100 68 2 4
100 68 5 7
100 68 8 10
100 68 11 13
100 68 14 16
100 68 17 19
69 102 2 4
69 102 5 7
69 102 8 10
69 102 11 13
69 102 14 16
69 102 17 19
103 71 2 4
103 71 5 7
103 71 8 10
103 71 11 13
103 71 14 16
103 71 17 19
72 105 2 4
72 105 5 7
72 105 8 10
72 105 11 13
72 105 14 16
72 105 17 19
106 80 2 4
106 80 5 7
106 80 8 10
106 80 11 13
106 80 14 16
106 80 17 19
92 90 2 4
92 90 5 7
92 90 8 10
92 90 11 13
92 90 14 16
92 90 17 19
95 93 2 4
95 93 5 7
95 93 8 10
95 93 11 13
95 93 14 16
95 93 17 19
98 96 2 4
98 96 5 7
98 96 8 10
98 96 11 13
98 96 14 16
98 96 17 19
108 99 2 4
108 99 5 7
108 99 8 10
108 99 11 13
108 99 14 16
108 99 17 19
76 109 2 4
76 109 5 7
76 109 8 10
76 109 11 13
76 109 14 16
76 109 17 19
111 77 2 4
111 77 5 7
111 77 8 10
111 77 11 13
111 77 14 16
111 77 17 19
79 112 2 4
79 112 5 7
79 112 8 10
79 112 11 13
79 112 14 16
79 112 17 19
103 102 2 4
103 102 5 7
103 102 8 10
103 102 11 13
103 102 14 16
103 102 17 19
106 105 2 4
106 105 5 7
106 105 8 10
106 105 11 13
106 105 14 16
106 105 17 19
81 115 2 4
81 115 5 7
81 115 8 10
81 115 11 13
81 115 14 16
81 115 17 19
116 80 2 4
116 80 5 7
116 80 8 10
116 80 11 13
116 80 14 16
116 80 17 19
84 118 2 4
84 118 5 7
84 118 8 10
84 118 11 13
84 118 14 16
84 118 17 19
119 83 2 4
119 83 5 7
119 83 8 10
119 83 11 13
119 83 14 16
119 83 17 19
87 121 2 4
87 121 5 7
87 121 8 10
87 121 11 13
87 121 14 16
87 121 17 19
122 86 2 4
122 86 5 7
122 86 8 10
122 86 11 13
122 86 14 16
122 86 17 19
100 124 2 4
100 124 5 7
100 124 8 10
100 124 11 13
100 124 14 16
100 124 17 19
125 89 2 4
125 89 5 7
125 89 8 10
125 89 11 13
125 89 14 16
125 89 17 19
108 109 2 4
108 109 5 7
108 109 8 10
108 109 11 13
108 109 14 16
108 109 17 19
111 112 2 4
111 112 5 7
111 112 8 10
111 112 11 13
111 112 14 16
111 112 17 19
126 90 2 4
126 90 5 7
126 90 8 10
126 90 11 13
126 90 14 16
126 90 17 19
100 127 2 4
100 127 5 7
100 127 8 10
100 127 11 13
100 127 14 16
100 127 17 19
129 93 2 4
129 93 5 7
129 93 8 10
129 93 11 13
129 93 14 16
129 93 17 19
92 130 2 4
92 130 5 7
92 130 8 10
92 130 11 13
92 130 14 16
92 130 17 19
132 96 2 4
132 96 5 7
132 96 8 10
132 96 11 13
132 96 14 16
132 96 17 19
95 133 2 4
95 133 5 7
95 133 8 10
95 133 11 13
95 133 14 16
95 133 17 19
135 99 2 4
135 99 5 7
135 99 8 10
135 99 11 13
135 99 14 16
135 99 17 19
98 136 2 4
98 136 5 7
98 136 8 10
98 136 11 13
98 136 14 16
98 136 17 19
116 118 2 4
116 118 5 7
116 118 8 10
116 118 11 13
116 118 14 16
116 118 17 19
119 121 2 4
119 121 5 7
119 121 8 10
119 121 11 13
119 121 14 16
119 121 17 19
122 124 2 4
122 124 5 7
122 124 8 10
122 124 11 13
122 124 14 16
122 124 17 19
125 139 2 4
125 139 5 7
125 139 8 10
125 139 11 13
125 139 14 16
125 139 17 19
140 102 2 4
140 102 5 7
140 102 8 10
140 102 11 13
140 102 14 16
140 102 17 19
103 142 2 4
103 142 5 7
103 142 8 10
103 142 11 13
103 142 14 16
103 142 17 19
143 105 2 4
143 105 5 7
143 105 8 10
143 105 11 13
143 105 14 16
143 105 17 19
106 145 2 4
106 145 5 7
106 145 8 10
106 145 11 13
106 145 14 16
106 145 17 19
146 115 2 4
146 115 5 7
146 115 8 10
146 115 11 13
146 115 14 16
146 115 17 19
129 127 2 4
129 127 5 7
129 127 8 10
129 127 11 13
129 127 14 16
129 127 17 19
132 130 2 4
132 130 5 7
132 130 8 10
132 130 11 13
132 130 14 16
132 130 17 19
135 133 2 4
135 133 5 7
135 133 8 10
135 133 11 13
135 133 14 16
135 133 17 19
146 136 2 4
146 136 5 7
146 136 8 10
146 136 11 13
146 136 14 16
146 136 17 19
108 147 2 4
108 147 5 7
108 147 8 10
108 147 11 13
108 147 14 16
108 147 17 19
149 109 2 4
149 109 5 7
149 109 8 10
149 109 11 13
149 109 14 16
149 109 17 19
111 150 2 4
111 150 5 7
111 150 8 10
111 150 11 13
111 150 14 16
111 150 17 19
152 112 2 4
152 112 5 7
152 112 8 10
152 112 11 13
152 112 14 16
152 112 17 19
126 145 2 4
126 145 5 7
126 145 8 10
126 145 11 13
126 145 14 16
126 145 17 19
140 139 2 4
140 139 5 7
140 139 8 10
140 139 11 13
140 139 14 16
140 139 17 19
143 142 2 4
143 142 5 7
143 142 8 10
143 142 11 13
143 142 14 16
143 142 17 19
152 145 2 4
152 145 5 7
152 145 8 10
152 145 11 13
152 145 14 16
152 145 17 19
116 154 2 4
116 154 5 7
116 154 8 10
116 154 11 13
116 154 14 16
116 154 17 19
155 115 2 4
155 115 5 7
155 115 8 10
155 115 11 13
155 115 14 16
155 115 17 19
119 157 2 4
119 157 5 7
119 157 8 10
119 157 11 13
119 157 14 16
119 157 17 19
158 118 2 4
158 118 5 7
158 118 8 10
158 118 11 13
158 118 14 16
158 118 17 19
122 160 2 4
122 160 5 7
122 160 8 10
122 160 11 13
122 160 14 16
122 160 17 19
161 121 2 4
161 121 5 7
161 121 8 10
161 121 11 13
161 121 14 16
161 121 17 19
125 147 2 4
125 147 5 7
125 147 8 10
125 147 11 13
125 147 14 16
125 147 17 19
146 124 2 4
146 124 5 7
146 124 8 10
146 124 11 13
146 124 14 16
146 124 17 19
149 150 2 4
149 150 5 7
149 150 8 10
149 150 11 13
149 150 14 16
149 150 17 19
162 127 2 4
162 127 5 7
162 127 8 10
162 127 11 13
162 127 14 16
162 127 17 19
126 163 2 4
126 163 5 7
126 163 8 10
126 163 11 13
126 163 14 16
126 163 17 19
165 130 2 4
165 130 5 7
165 130 8 10
165 130 11 13
165 130 14 16
165 130 17 19
129 166 2 4
129 166 5 7
129 166 8 10
129 166 11 13
129 166 14 16
129 166 17 19
168 133 2 4
168 133 5 7
168 133 8 10
168 133 11 13
168 133 14 16
168 133 17 19
132 169 2 4
132 169 5 7
132 169 8 10
132 169 11 13
132 169 14 16
132 169 17 19
162 136 2 4
162 136 5 7
162 136 8 10
162 136 11 13
162 136 14 16
162 136 17 19
135 139 2 4
135 139 5 7
135 139 8 10
135 139 11 13
135 139 14 16
135 139 17 19
152 154 2 4
152 154 5 7
152 154 8 10
152 154 11 13
152 154 14 16
152 154 17 19
155 157 2 4
155 157 5 7
155 157 8 10
155 157 11 13
155 157 14 16
155 157 17 19
158 160 2 4
158 160 5 7
158 160 8 10
158 160 11 13
158 160 14 16
158 160 17 19
161 147 2 4
161 147 5 7
161 147 8 10
161 147 11 13
161 147 14 16
161 147 17 19
140 171 2 4
140 171 5 7
140 171 8 10
140 171 11 13
140 171 14 16
140 171 17 19
172 142 2 4
172 142 5 7
172 142 8 10
172 142 11 13
172 142 14 16
172 142 17 19
143 163 2 4
143 163 5 7
143 163 8 10
143 163 11 13
143 163 14 16
143 163 17 19
165 163 2 4
165 163 5 7
165 163 8 10
165 163 11 13
165 163 14 16
165 163 17 19
168 166 2 4
168 166 5 7
168 166 8 10
168 166 11 13
168 166 14 16
168 166 17 19
162 169 2 4
162 169 5 7
162 169 8 10
162 169 11 13
162 169 14 16
162 169 17 19
149 174 2 4
149 174 5 7
149 174 8 10
149 174 11 13
149 174 14 16
149 174 17 19
176 150 2 4
176 150 5 7
176 150 8 10
176 150 11 13
176 150 14 16
176 150 17 19
172 171 2 4
172 171 5 7
172 171 8 10
172 171 11 13
172 171 14 16
172 171 17 19
155 160 2 4
155 160 5 7
155 160 8 10
155 160 11 13
155 160 14 16
155 160 17 19
176 154 2 4
176 154 5 7
176 154 8 10
176 154 11 13
176 154 14 16
176 154 17 19
158 178 2 4
158 178 5 7
158 178 8 10
158 178 11 13
158 178 14 16
158 178 17 19
179 157 2 4
179 157 5 7
179 157 8 10
179 157 11 13
179 157 14 16
179 157 17 19
161 174 2 4
161 174 5 7
161 174 8 10
161 174 11 13
161 174 14 16
161 174 17 19
180 166 2 4
180 166 5 7
180 166 8 10
180 166 11 13
180 166 14 16
180 166 17 19
165 181 2 4
165 181 5 7
165 181 8 10
165 181 11 13
165 181 14 16
165 181 17 19
180 169 2 4
180 169 5 7
180 169 8 10
180 169 11 13
180 169 14 16
180 169 17 19
168 171 2 4
168 171 5 7
168 171 8 10
168 171 11 13
168 171 14 16
168 171 17 19
176 178 2 4
176 178 5 7
176 178 8 10
176 178 11 13
176 178 14 16
176 178 17 19
179 174 2 4
179 174 5 7
179 174 8 10
179 174 11 13
179 174 14 16
179 174 17 19
172 181 2 4
172 181 5 7
172 181 8 10
172 181 11 13
172 181 14 16
172 181 17 19
180 181 2 4
180 181 5 7
180 181 8 10
180 181 11 13
180 181 14 16
180 181 17 19
179 178 2 4
179 178 5 7
179 178 8 10
179 178 11 13
179 178 14 16
179 178 17 19
1 0 0 2
1 0 3 5
1 0 6 8
1 0 9 11
1 0 12 14
1 0 15 17
1 4 0 2
1 4 3 5
1 4 6 8
1 4 9 11
1 4 12 14
1 4 15 17
5 0 0 2
5 0 3 5
5 0 6 8
5 0 9 11
5 0 12 14
5 0 15 17
6 0 0 2
6 0 3 5
6 0 6 8
6 0 9 11
6 0 12 14
6 0 15 17
1 7 0 2
1 7 3 5
1 7 6 8
1 7 9 11
1 7 12 14
1 7 15 17
5 9 0 2
5 9 3 5
5 9 6 8
5 9 9 11
5 9 12 14
5 9 15 17
10 4 0 2
10 4 3 5
10 4 6 8
10 4 9 11
10 4 12 14
10 4 15 17
12 7 0 2
12 7 3 5
12 7 6 8
12 7 9 11
12 7 12 14
12 7 15 17
6 13 0 2
6 13 3 5
6 13 6 8
6 13 9 11
6 13 12 14
6 13 15 17
10 9 0 2
10 9 3 5
10 9 6 8
10 9 9 11
10 9 12 14
10 9 15 17
5 15 0 2
5 15 3 5
5 15 6 8
5 15 9 11
5 15 12 14
5 15 15 17
16 4 0 2
16 4 3 5
16 4 6 8
16 4 9 11
16 4 12 14
16 4 15 17
12 13 0 2
12 13 3 5
12 13 6 8
12 13 9 11
12 13 12 14
12 13 15 17
19 7 0 2
19 7 3 5
19 7 6 8
19 7 9 11
19 7 12 14
19 7 15 17
6 20 0 2
6 20 3 5
6 20 6 8
6 20 9 11
6 20 12 14
6 20 15 17
16 22 0 2
16 22 3 5
16 22 6 8
16 22 9 11
16 22 12 14
16 22 15 17
23 9 0 2
23 9 3 5
23 9 6 8
23 9 9 11
23 9 12 14
23 9 15 17
10 25 0 2
10 25 3 5
10 25 6 8
10 25 9 11
10 25 12 14
10 25 15 17
26 15 0 2
26 15 3 5
26 15 6 8
26 15 9 11
26 15 12 14
26 15 15 17
26 20 0 2
26 20 3 5
26 20 6 8
26 20 9 11
26 20 12 14
26 20 15 17
12 27 0 2
12 27 3 5
12 27 6 8
12 27 9 11
12 27 12 14
12 27 15 17
29 13 0 2
29 13 3 5
29 13 6 8
29 13 9 11
29 13 12 14
29 13 15 17
19 22 0 2
19 22 3 5
19 22 6 8
19 22 9 11
19 22 12 14
19 22 15 17
30 25 0 2
30 25 3 5
30 25 6 8
30 25 9 11
30 25 12 14
30 25 15 17
16 32 0 2
16 32 3 5
16 32 6 8
16 32 9 11
16 32 12 14
16 32 15 17
33 15 0 2
33 15 3 5
33 15 6 8
33 15 9 11
33 15 12 14
33 15 15 17
23 35 0 2
23 35 3 5
23 35 6 8
23 35 9 11
23 35 12 14
23 35 15 17
29 36 0 2
29 36 3 5
29 36 6 8
29 36 9 11
29 36 12 14
29 36 15 17
38 20 0 2
38 20 3 5
38 20 6 8
38 20 9 11
38 20 12 14
38 20 15 17
19 39 0 2
19 39 3 5
19 39 6 8
19 39 9 11
19 39 12 14
19 39 15 17
41 27 0 2
41 27 3 5
41 27 6 8
41 27 9 11
41 27 12 14
41 27 15 17
30 32 0 2
30 32 3 5
30 32 6 8
30 32 9 11
30 32 12 14
30 32 15 17
33 35 0 2
33 35 3 5
33 35 6 8
33 35 9 11
33 35 12 14
33 35 15 17
42 22 0 2
42 22 3 5
42 22 6 8
42 22 9 11
42 22 12 14
42 22 15 17
23 44 0 2
23 44 3 5
23 44 6 8
23 44 9 11
23 44 12 14
23 44 15 17
45 25 0 2
45 25 3 5
45 25 6 8
45 25 9 11
45 25 12 14
45 25 15 17
26 47 0 2
26 47 3 5
26 47 6 8
26 47 9 11
26 47 12 14
26 47 15 17
38 36 0 2
38 36 3 5
38 36 6 8
38 36 9 11
38 36 12 14
38 36 15 17
41 39 0 2
41 39 3 5
41 39 6 8
41 39 9 11
41 39 12 14
41 39 15 17
49 27 0 2
49 27 3 5
49 27 6 8
49 27 9 11
49 27 12 14
49 27 15 17
29 50 0 2
29 50 3 5
29 50 6 8
29 50 9 11
29 50 12 14
29 50 15 17
45 44 0 2
45 44 3 5
45 44 6 8
45 44 9 11
45 44 12 14
45 44 15 17
30 52 0 2
30 52 3 5
30 52 6 8
30 52 9 11
30 52 12 14
30 52 15 17
53 47 0 2
53 47 3 5
53 47 6 8
53 47 9 11
53 47 12 14
53 47 15 17
33 55 0 2
33 55 3 5
33 55 6 8
33 55 9 11
33 55 12 14
33 55 15 17
56 32 0 2
56 32 3 5
56 32 6 8
56 32 9 11
56 32 12 14
56 32 15 17
42 58 0 2
42 58 3 5
42 58 6 8
42 58 9 11
42 58 12 14
42 58 15 17
59 35 0 2
59 35 3 5
59 35 6 8
59 35 9 11
59 35 12 14
59 35 15 17
49 50 0 2
49 50 3 5
49 50 6 8
49 50 9 11
49 50 12 14
49 50 15 17
60 36 0 2
60 36 3 5
60 36 6 8
60 36 9 11
60 36 12 14
60 36 15 17
42 61 0 2
42 61 3 5
42 61 6 8
42 61 9 11
42 61 12 14
42 61 15 17
63 39 0 2
63 39 3 5
63 39 6 8
63 39 9 11
63 39 12 14
63 39 15 17
38 64 0 2
38 64 3 5
38 64 6 8
38 64 9 11
38 64 12 14
38 64 15 17
66 47 0 2
66 47 3 5
66 47 6 8
66 47 9 11
66 47 12 14
66 47 15 17
41 67 0 2
41 67 3 5
41 67 6 8
41 67 9 11
41 67 12 14
41 67 15 17
53 55 0 2
53 55 3 5
53 55 6 8
53 55 9 11
53 55 12 14
53 55 15 17
56 58 0 2
56 58 3 5
56 58 6 8
56 58 9 11
56 58 12 14
56 58 15 17
59 69 0 2
59 69 3 5
59 69 6 8
59 69 9 11
59 69 12 14
59 69 15 17
70 44 0 2
70 44 3 5
70 44 6 8
70 44 9 11
70 44 12 14
70 44 15 17
45 72 0 2
45 72 3 5
45 72 6 8
45 72 9 11
45 72 12 14
45 72 15 17
73 52 0 2
73 52 3 5
73 52 6 8
73 52 9 11
73 52 12 14
73 52 15 17
63 61 0 2
63 61 3 5
63 61 6 8
63 61 9 11
63 61 12 14
63 61 15 17
66 64 0 2
66 64 3 5
66 64 6 8
66 64 9 11
66 64 12 14
66 64 15 17
75 67 0 2
75 67 3 5
75 67 6 8
75 67 9 11
75 67 12 14
75 67 15 17
49 76 0 2
49 76 3 5
49 76 6 8
49 76 9 11
49 76 12 14
49 76 15 17
78 50 0 2
78 50 3 5
78 50 6 8
78 50 9 11
78 50 12 14
78 50 15 17
60 79 0 2
60 79 3 5
60 79 6 8
60 79 9 11
60 79 12 14
60 79 15 17
70 69 0 2
70 69 3 5
70 69 6 8
70 69 9 11
70 69 12 14
70 69 15 17
73 72 0 2
73 72 3 5
73 72 6 8
73 72 9 11
73 72 12 14
73 72 15 17
53 81 0 2
53 81 3 5
53 81 6 8
53 81 9 11
53 81 12 14
53 81 15 17
82 52 0 2
82 52 3 5
82 52 6 8
82 52 9 11
82 52 12 14
82 52 15 17
56 84 0 2
56 84 3 5
56 84 6 8
56 84 9 11
56 84 12 14
56 84 15 17
85 55 0 2
85 55 3 5
85 55 6 8
85 55 9 11
85 55 12 14
85 55 15 17
59 87 0 2
59 87 3 5
59 87 6 8
59 87 9 11
59 87 12 14
59 87 15 17
88 58 0 2
88 58 3 5
88 58 6 8
88 58 9 11
88 58 12 14
88 58 15 17
75 76 0 2
75 76 3 5
75 76 6 8
75 76 9 11
75 76 12 14
75 76 15 17
78 79 0 2
78 79 3 5
78 79 6 8
78 79 9 11
78 79 12 14
78 79 15 17
91 61 0 2
91 61 3 5
91 61 6 8
91 61 9 11
91 61 12 14
91 61 15 17
60 92 0 2
60 92 3 5
60 92 6 8
60 92 9 11
60 92 12 14
60 92 15 17
94 64 0 2
94 64 3 5
94 64 6 8
94 64 9 11
94 64 12 14
94 64 15 17
63 95 0 2
63 95 3 5
63 95 6 8
63 95 9 11
63 95 12 14
63 95 15 17
97 67 0 2
97 67 3 5
97 67 6 8
97 67 9 11
97 67 12 14
97 67 15 17
66 98 0 2
66 98 3 5
66 98 6 8
66 98 9 11
66 98 12 14
66 98 15 17
82 84 0 2
82 84 3 5
82 84 6 8
82 84 9 11
82 84 12 14
82 84 15 17
85 87 0 2
85 87 3 5
85 87 6 8
85 87 9 11
85 87 12 14
85 87 15 17
88 100 0 2
88 100 3 5
88 100 6 8
88 100 9 11
88 100 12 14
88 100 15 17
101 69 0 2
101 69 3 5
101 69 6 8
101 69 9 11
101 69 12 14
101 69 15 17
70 103 0 2
70 103 3 5
70 103 6 8
70 103 9 11
70 103 12 14
70 103 15 17
104 72 0 2
104 72 3 5
104 72 6 8
104 72 9 11
104 72 12 14
104 72 15 17
73 106 0 2
73 106 3 5
73 106 6 8
73 106 9 11
73 106 12 14
73 106 15 17
107 81 0 2
107 81 3 5
107 81 6 8
107 81 9 11
107 81 12 14
107 81 15 17
94 92 0 2
94 92 3 5
94 92 6 8
94 92 9 11
94 92 12 14
94 92 15 17
97 95 0 2
97 95 3 5
97 95 6 8
97 95 9 11
97 95 12 14
97 95 15 17
107 98 0 2
107 98 3 5
107 98 6 8
107 98 9 11
107 98 12 14
107 98 15 17
75 108 0 2
75 108 3 5
75 108 6 8
75 108 9 11
75 108 12 14
75 108 15 17
110 76 0 2
110 76 3 5
110 76 6 8
110 76 9 11
110 76 12 14
110 76 15 17
78 111 0 2
78 111 3 5
78 111 6 8
78 111 9 11
78 111 12 14
78 111 15 17
113 79 0 2
113 79 3 5
113 79 6 8
113 79 9 11
113 79 12 14
113 79 15 17
91 100 0 2
91 100 3 5
91 100 6 8
91 100 9 11
91 100 12 14
91 100 15 17
104 103 0 2
104 103 3 5
104 103 6 8
104 103 9 11
104 103 12 14
104 103 15 17
114 106 0 2
114 106 3 5
114 106 6 8
114 106 9 11
114 106 12 14
114 106 15 17
82 116 0 2
82 116 3 5
82 116 6 8
82 116 9 11
82 116 12 14
82 116 15 17
117 81 0 2
117 81 3 5
117 81 6 8
117 81 9 11
117 81 12 14
117 81 15 17
85 119 0 2
85 119 3 5
85 119 6 8
85 119 9 11
85 119 12 14
85 119 15 17
120 84 0 2
120 84 3 5
120 84 6 8
120 84 9 11
120 84 12 14
120 84 15 17
88 122 0 2
88 122 3 5
88 122 6 8
88 122 9 11
88 122 12 14
88 122 15 17
123 87 0 2
123 87 3 5
123 87 6 8
123 87 9 11
123 87 12 14
123 87 15 17
101 125 0 2
101 125 3 5
101 125 6 8
101 125 9 11
101 125 12 14
101 125 15 17
110 111 0 2
110 111 3 5
110 111 6 8
110 111 9 11
110 111 12 14
110 111 15 17
113 126 0 2
113 126 3 5
113 126 6 8
113 126 9 11
113 126 12 14
113 126 15 17
128 92 0 2
128 92 3 5
128 92 6 8
128 92 9 11
128 92 12 14
128 92 15 17
91 129 0 2
91 129 3 5
91 129 6 8
91 129 9 11
91 129 12 14
91 129 15 17
131 95 0 2
131 95 3 5
131 95 6 8
131 95 9 11
131 95 12 14
131 95 15 17
94 132 0 2
94 132 3 5
94 132 6 8
94 132 9 11
94 132 12 14
94 132 15 17
134 98 0 2
134 98 3 5
134 98 6 8
134 98 9 11
134 98 12 14
134 98 15 17
97 135 0 2
97 135 3 5
97 135 6 8
97 135 9 11
97 135 12 14
97 135 15 17
137 108 0 2
137 108 3 5
137 108 6 8
137 108 9 11
137 108 12 14
137 108 15 17
114 116 0 2
114 116 3 5
114 116 6 8
114 116 9 11
114 116 12 14
114 116 15 17
117 119 0 2
117 119 3 5
117 119 6 8
117 119 9 11
117 119 12 14
117 119 15 17
120 122 0 2
120 122 3 5
120 122 6 8
120 122 9 11
120 122 12 14
120 122 15 17
123 125 0 2
123 125 3 5
123 125 6 8
123 125 9 11
123 125 12 14
123 125 15 17
138 100 0 2
138 100 3 5
138 100 6 8
138 100 9 11
138 100 12 14
138 100 15 17
101 140 0 2
101 140 3 5
101 140 6 8
101 140 9 11
101 140 12 14
101 140 15 17
141 103 0 2
141 103 3 5
141 103 6 8
141 103 9 11
141 103 12 14
141 103 15 17
104 143 0 2
104 143 3 5
104 143 6 8
104 143 9 11
104 143 12 14
104 143 15 17
144 106 0 2
144 106 3 5
144 106 6 8
144 106 9 11
144 106 12 14
144 106 15 17
107 146 0 2
107 146 3 5
107 146 6 8
107 146 9 11
107 146 12 14
107 146 15 17
128 126 0 2
128 126 3 5
128 126 6 8
128 126 9 11
128 126 12 14
128 126 15 17
131 129 0 2
131 129 3 5
131 129 6 8
131 129 9 11
131 129 12 14
131 129 15 17
134 132 0 2
134 132 3 5
134 132 6 8
134 132 9 11
134 132 12 14
134 132 15 17
137 135 0 2
137 135 3 5
137 135 6 8
137 135 9 11
137 135 12 14
137 135 15 17
148 108 0 2
148 108 3 5
148 108 6 8
148 108 9 11
148 108 12 14
148 108 15 17
110 149 0 2
110 149 3 5
110 149 6 8
110 149 9 11
110 149 12 14
110 149 15 17
151 111 0 2
151 111 3 5
151 111 6 8
151 111 9 11
151 111 12 14
151 111 15 17
113 152 0 2
113 152 3 5
113 152 6 8
113 152 9 11
113 152 12 14
113 152 15 17
141 140 0 2
141 140 3 5
141 140 6 8
141 140 9 11
141 140 12 14
141 140 15 17
144 143 0 2
144 143 3 5
144 143 6 8
144 143 9 11
144 143 12 14
144 143 15 17
114 152 0 2
114 152 3 5
114 152 6 8
114 152 9 11
114 152 12 14
114 152 15 17
153 146 0 2
153 146 3 5
153 146 6 8
153 146 9 11
153 146 12 14
153 146 15 17
117 155 0 2
117 155 3 5
117 155 6 8
117 155 9 11
117 155 12 14
117 155 15 17
156 116 0 2
156 116 3 5
156 116 6 8
156 116 9 11
156 116 12 14
156 116 15 17
120 158 0 2
120 158 3 5
120 158 6 8
120 158 9 11
120 158 12 14
120 158 15 17
159 119 0 2
159 119 3 5
159 119 6 8
159 119 9 11
159 119 12 14
159 119 15 17
123 161 0 2
123 161 3 5
123 161 6 8
123 161 9 11
123 161 12 14
123 161 15 17
153 122 0 2
153 122 3 5
153 122 6 8
153 122 9 11
153 122 12 14
153 122 15 17
138 146 0 2
138 146 3 5
138 146 6 8
138 146 9 11
138 146 12 14
138 146 15 17
137 125 0 2
137 125 3 5
137 125 6 8
137 125 9 11
137 125 12 14
137 125 15 17
148 149 0 2
148 149 3 5
148 149 6 8
148 149 9 11
148 149 12 14
148 149 15 17
151 152 0 2
151 152 3 5
151 152 6 8
151 152 9 11
151 152 12 14
151 152 15 17
144 126 0 2
144 126 3 5
144 126 6 8
144 126 9 11
144 126 12 14
144 126 15 17
138 162 0 2
138 162 3 5
138 162 6 8
138 162 9 11
138 162 12 14
138 162 15 17
164 129 0 2
164 129 3 5
164 129 6 8
164 129 9 11
164 129 12 14
164 129 15 17
128 165 0 2
128 165 3 5
128 165 6 8
128 165 9 11
128 165 12 14
128 165 15 17
167 132 0 2
167 132 3 5
167 132 6 8
167 132 9 11
167 132 12 14
167 132 15 17
131 168 0 2
131 168 3 5
131 168 6 8
131 168 9 11
131 168 12 14
131 168 15 17
170 135 0 2
170 135 3 5
170 135 6 8
170 135 9 11
170 135 12 14
170 135 15 17
134 162 0 2
134 162 3 5
134 162 6 8
134 162 9 11
134 162 12 14
134 162 15 17
153 155 0 2
153 155 3 5
153 155 6 8
153 155 9 11
153 155 12 14
153 155 15 17
156 158 0 2
156 158 3 5
156 158 6 8
156 158 9 11
156 158 12 14
156 158 15 17
159 161 0 2
159 161 3 5
159 161 6 8
159 161 9 11
159 161 12 14
159 161 15 17
170 140 0 2
170 140 3 5
170 140 6 8
170 140 9 11
170 140 12 14
170 140 15 17
141 172 0 2
141 172 3 5
141 172 6 8
141 172 9 11
141 172 12 14
141 172 15 17
173 143 0 2
173 143 3 5
173 143 6 8
173 143 9 11
173 143 12 14
173 143 15 17
164 162 0 2
164 162 3 5
164 162 6 8
164 162 9 11
164 162 12 14
164 162 15 17
167 165 0 2
167 165 3 5
167 165 6 8
167 165 9 11
167 165 12 14
167 165 15 17
170 168 0 2
170 168 3 5
170 168 6 8
170 168 9 11
170 168 12 14
170 168 15 17
148 161 0 2
148 161 3 5
148 161 6 8
148 161 9 11
148 161 12 14
148 161 15 17
175 149 0 2
175 149 3 5
175 149 6 8
175 149 9 11
175 149 12 14
175 149 15 17
151 176 0 2
151 176 3 5
151 176 6 8
151 176 9 11
151 176 12 14
151 176 15 17
173 172 0 2
173 172 3 5
173 172 6 8
173 172 9 11
173 172 12 14
173 172 15 17
156 176 0 2
156 176 3 5
156 176 6 8
156 176 9 11
156 176 12 14
156 176 15 17
177 155 0 2
177 155 3 5
177 155 6 8
177 155 9 11
177 155 12 14
177 155 15 17
159 179 0 2
159 179 3 5
159 179 6 8
159 179 9 11
159 179 12 14
159 179 15 17
177 158 0 2
177 158 3 5
177 158 6 8
177 158 9 11
177 158 12 14
177 158 15 17
175 176 0 2
175 176 3 5
175 176 6 8
175 176 9 11
175 176 12 14
175 176 15 17
173 165 0 2
173 165 3 5
173 165 6 8
173 165 9 11
173 165 12 14
173 165 15 17
164 180 0 2
164 180 3 5
164 180 6 8
164 180 9 11
164 180 12 14
164 180 15 17
182 168 0 2
182 168 3 5
182 168 6 8
182 168 9 11
182 168 12 14
182 168 15 17
167 180 0 2
167 180 3 5
167 180 6 8
167 180 9 11
167 180 12 14
167 180 15 17
177 179 0 2
177 179 3 5
177 179 6 8
177 179 9 11
177 179 12 14
177 179 15 17
182 172 0 2
182 172 3 5
182 172 6 8
182 172 9 11
182 172 12 14
182 172 15 17
182 180 0 2
182 180 3 5
182 180 6 8
182 180 9 11
182 180 12 14
182 180 15 17
175 179 0 2
175 179 3 5
175 179 6 8
175 179 9 11
175 179 12 14
175 179 15 17